# board=.../SMM Test Jig/CPLD_probe.top.etch.tap
# tool size=0.002500
# pass=1
# preview window width=800 height=600
 0.04180, 0.04371, 0.04045, 0.04604
 0.04045, 0.04604, 0.03975, 0.04865
 0.03975, 0.04865, 0.03975, 1.33766
 0.03975, 1.33766, 0.03975, 1.34036
 0.03975, 1.34036, 0.04045, 1.34296
 0.04045, 1.34296, 0.04180, 1.34530
 0.04180, 1.34530, 0.04371, 1.34721
 0.04371, 1.34721, 0.04604, 1.34856
 0.04604, 1.34856, 0.04865, 1.34926
 0.04865, 1.34926, 0.65135, 1.34926
 0.65135, 1.34926, 0.65396, 1.34856
 0.65396, 1.34856, 0.65629, 1.34721
 0.65629, 1.34721, 0.65820, 1.34530
 0.65820, 1.34530, 0.65955, 1.34296
 0.65955, 1.34296, 0.66025, 1.34036
 0.66025, 1.34036, 0.66025, 0.04865
 0.66025, 0.04865, 0.65955, 0.04604
 0.65955, 0.04604, 0.65820, 0.04371
 0.65820, 0.04371, 0.65629, 0.04180
 0.65629, 0.04180, 0.65396, 0.04045
 0.65396, 0.04045, 0.65135, 0.03975
 0.65135, 0.03975, 0.04865, 0.03975
 0.04865, 0.03975, 0.04604, 0.04045
 0.04604, 0.04045, 0.04371, 0.04180
 0.04371, 0.04180, 0.04180, 0.04371
 0.13655, 0.27987, 0.14528, 0.27625
 0.14528, 0.27625, 0.19921, 0.27625
 0.19921, 0.27625, 0.20191, 0.27625
 0.20191, 0.27625, 0.20452, 0.27555
 0.20452, 0.27555, 0.20685, 0.27420
 0.20685, 0.27420, 0.22239, 0.25867
 0.22239, 0.25867, 0.24030, 0.25125
 0.24030, 0.25125, 0.25970, 0.25125
 0.25970, 0.25125, 0.27761, 0.25867
 0.27761, 0.25867, 0.29180, 0.27286
 0.29180, 0.27286, 0.29371, 0.27476
 0.29371, 0.27476, 0.29604, 0.27611
 0.29604, 0.27611, 0.29865, 0.27681
 0.29865, 0.27681, 0.30135, 0.27681
 0.30135, 0.27681, 0.30138, 0.27680
 0.30138, 0.27680, 0.30396, 0.27611
 0.30396, 0.27611, 0.30629, 0.27476
 0.30629, 0.27476, 0.30817, 0.27288
 0.30817, 0.27288, 0.32981, 0.25125
 0.32981, 0.25125, 0.36625, 0.25125
 0.36625, 0.25125, 0.36693, 0.25134
 0.36693, 0.25134, 0.36760, 0.25125
 0.36760, 0.25125, 0.36828, 0.25125
 0.36828, 0.25125, 0.36893, 0.25107
 0.36893, 0.25107, 0.36960, 0.25099
 0.36960, 0.25099, 0.37023, 0.25073
 0.37023, 0.25073, 0.37088, 0.25055
 0.37088, 0.25055, 0.37147, 0.25021
 0.37147, 0.25021, 0.37210, 0.24995
 0.37210, 0.24995, 0.37263, 0.24954
 0.37263, 0.24954, 0.37322, 0.24920
 0.37322, 0.24920, 0.37370, 0.24872
 0.37370, 0.24872, 0.37424, 0.24831
 0.37424, 0.24831, 0.37465, 0.24777
 0.37465, 0.24777, 0.37513, 0.24729
 0.37513, 0.24729, 0.37547, 0.24671
 0.37547, 0.24671, 0.37588, 0.24617
 0.37588, 0.24617, 0.37614, 0.24554
 0.37614, 0.24554, 0.37648, 0.24496
 0.37648, 0.24496, 0.37665, 0.24430
 0.37665, 0.24430, 0.37987, 0.23655
 0.37987, 0.23655, 0.38703, 0.22938
 0.38703, 0.22938, 0.43655, 0.17987
 0.43655, 0.17987, 0.44528, 0.17625
 0.44528, 0.17625, 0.50472, 0.17625
 0.50472, 0.17625, 0.51345, 0.17987
 0.51345, 0.17987, 0.52062, 0.18703
 0.52062, 0.18703, 0.57013, 0.23655
 0.57013, 0.23655, 0.57375, 0.24528
 0.57375, 0.24528, 0.57375, 0.45472
 0.57375, 0.45472, 0.57013, 0.46345
 0.57013, 0.46345, 0.56297, 0.47062
 0.56297, 0.47062, 0.52771, 0.50588
 0.52771, 0.50588, 0.52580, 0.50779
 0.52580, 0.50779, 0.52445, 0.51013
 0.52445, 0.51013, 0.52375, 0.51273
 0.52375, 0.51273, 0.52375, 0.90472
 0.52375, 0.90472, 0.52013, 0.91345
 0.52013, 0.91345, 0.51297, 0.92062
 0.51297, 0.92062, 0.51297, 0.92062
 0.51297, 0.92062, 0.45271, 0.98088
 0.45271, 0.98088, 0.45080, 0.98279
 0.45080, 0.98279, 0.44945, 0.98513
 0.44945, 0.98513, 0.44875, 0.98773
 0.44875, 0.98773, 0.44875, 1.02019
 0.44875, 1.02019, 0.42714, 1.04180
 0.42714, 1.04180, 0.42524, 1.04371
 0.42524, 1.04371, 0.42389, 1.04604
 0.42389, 1.04604, 0.42319, 1.04865
 0.42319, 1.04865, 0.42319, 1.05135
 0.42319, 1.05135, 0.42389, 1.05396
 0.42389, 1.05396, 0.42524, 1.05629
 0.42524, 1.05629, 0.44875, 1.07981
 0.44875, 1.07981, 0.44875, 1.12019
 0.44875, 1.12019, 0.42019, 1.14875
 0.42019, 1.14875, 0.37981, 1.14875
 0.37981, 1.14875, 0.35820, 1.12714
 0.35820, 1.12714, 0.35629, 1.12524
 0.35629, 1.12524, 0.35396, 1.12389
 0.35396, 1.12389, 0.35135, 1.12319
 0.35135, 1.12319, 0.34865, 1.12319
 0.34865, 1.12319, 0.34862, 1.12320
 0.34862, 1.12320, 0.34604, 1.12389
 0.34604, 1.12389, 0.34371, 1.12524
 0.34371, 1.12524, 0.34183, 1.12712
 0.34183, 1.12712, 0.32761, 1.14133
 0.32761, 1.14133, 0.30970, 1.14875
 0.30970, 1.14875, 0.29030, 1.14875
 0.29030, 1.14875, 0.27239, 1.14133
 0.27239, 1.14133, 0.25876, 1.12771
 0.25876, 1.12771, 0.25876, 1.12771
 0.25876, 1.12771, 0.25685, 1.12580
 0.25685, 1.12580, 0.25452, 1.12445
 0.25452, 1.12445, 0.25191, 1.12375
 0.25191, 1.12375, 0.19528, 1.12375
 0.19528, 1.12375, 0.18655, 1.12013
 0.18655, 1.12013, 0.08894, 1.02253
 0.08894, 1.02253, 0.07987, 1.01345
 0.07987, 1.01345, 0.07625, 1.00472
 0.07625, 1.00472, 0.07625, 0.34528
 0.07625, 0.34528, 0.07987, 0.33655
 0.07987, 0.33655, 0.12747, 0.28894
 0.12747, 0.28894, 0.13655, 0.27987
 0.13860, 0.29125, 0.08860, 0.34125
 0.08860, 0.34125, 0.08672, 0.34450
 0.08672, 0.34450, 0.08575, 0.34812
 0.08575, 0.34812, 0.08575, 1.00188
 0.08575, 1.00188, 0.08672, 1.00550
 0.08672, 1.00550, 0.08860, 1.00875
 0.08860, 1.00875, 0.09125, 1.01140
 0.09125, 1.01140, 0.19125, 1.11140
 0.19125, 1.11140, 0.19450, 1.11328
 0.19450, 1.11328, 0.19812, 1.11425
 0.19812, 1.11425, 0.26342, 1.11425
 0.26342, 1.11425, 0.26522, 1.11859
 0.26522, 1.11859, 0.26951, 1.12502
 0.26951, 1.12502, 0.27498, 1.13049
 0.27498, 1.13049, 0.28141, 1.13478
 0.28141, 1.13478, 0.28855, 1.13774
 0.28855, 1.13774, 0.29613, 1.13925
 0.29613, 1.13925, 0.30387, 1.13925
 0.30387, 1.13925, 0.31145, 1.13774
 0.31145, 1.13774, 0.31859, 1.13478
 0.31859, 1.13478, 0.32502, 1.13049
 0.32502, 1.13049, 0.33049, 1.12502
 0.33049, 1.12502, 0.33478, 1.11859
 0.33478, 1.11859, 0.33774, 1.11145
 0.33774, 1.11145, 0.33925, 1.10387
 0.33925, 1.10387, 0.33925, 1.09613
 0.33925, 1.09613, 0.33774, 1.08855
 0.33774, 1.08855, 0.33478, 1.08141
 0.33478, 1.08141, 0.33049, 1.07498
 0.33049, 1.07498, 0.32502, 1.06951
 0.32502, 1.06951, 0.31859, 1.06522
 0.31859, 1.06522, 0.31145, 1.06226
 0.31145, 1.06226, 0.30387, 1.06075
 0.30387, 1.06075, 0.29613, 1.06075
 0.29613, 1.06075, 0.28855, 1.06226
 0.28855, 1.06226, 0.28141, 1.06522
 0.28141, 1.06522, 0.27498, 1.06951
 0.27498, 1.06951, 0.26951, 1.07498
 0.26951, 1.07498, 0.26522, 1.08141
 0.26522, 1.08141, 0.26342, 1.08575
 0.26342, 1.08575, 0.20590, 1.08575
 0.20590, 1.08575, 0.11425, 0.99410
 0.11425, 0.99410, 0.11425, 0.35590
 0.11425, 0.35590, 0.15590, 0.31425
 0.15590, 0.31425, 0.21342, 0.31425
 0.21342, 0.31425, 0.21522, 0.31859
 0.21522, 0.31859, 0.21951, 0.32502
 0.21951, 0.32502, 0.22498, 0.33049
 0.22498, 0.33049, 0.23141, 0.33478
 0.23141, 0.33478, 0.23374, 0.33575
 0.23374, 0.33575, 0.19812, 0.33575
 0.19812, 0.33575, 0.19450, 0.33672
 0.19450, 0.33672, 0.19125, 0.33860
 0.19125, 0.33860, 0.18860, 0.34125
 0.18860, 0.34125, 0.13860, 0.39125
 0.13860, 0.39125, 0.13672, 0.39450
 0.13672, 0.39450, 0.13575, 0.39812
 0.13575, 0.39812, 0.13575, 0.95188
 0.13575, 0.95188, 0.13672, 0.95550
 0.13672, 0.95550, 0.13860, 0.95875
 0.13860, 0.95875, 0.14125, 0.96140
 0.14125, 0.96140, 0.19125, 1.01140
 0.19125, 1.01140, 0.19450, 1.01328
 0.19450, 1.01328, 0.19812, 1.01425
 0.19812, 1.01425, 0.26075, 1.01425
 0.26075, 1.01425, 0.26075, 1.01626
 0.26075, 1.01626, 0.28374, 1.03925
 0.28374, 1.03925, 0.31626, 1.03925
 0.31626, 1.03925, 0.33575, 1.01976
 0.33575, 1.01976, 0.33575, 1.05188
 0.33575, 1.05188, 0.33672, 1.05550
 0.33672, 1.05550, 0.33860, 1.05875
 0.33860, 1.05875, 0.34125, 1.06140
 0.34125, 1.06140, 0.34125, 1.06140
 0.34125, 1.06140, 0.36217, 1.08232
 0.36217, 1.08232, 0.36075, 1.08374
 0.36075, 1.08374, 0.36075, 1.11626
 0.36075, 1.11626, 0.38374, 1.13925
 0.38374, 1.13925, 0.41626, 1.13925
 0.41626, 1.13925, 0.43925, 1.11626
 0.43925, 1.11626, 0.43925, 1.08374
 0.43925, 1.08374, 0.41626, 1.06075
 0.41626, 1.06075, 0.38374, 1.06075
 0.38374, 1.06075, 0.38232, 1.06217
 0.38232, 1.06217, 0.36425, 1.04410
 0.36425, 1.04410, 0.36425, 1.01976
 0.36425, 1.01976, 0.38374, 1.03925
 0.38374, 1.03925, 0.41626, 1.03925
 0.41626, 1.03925, 0.43925, 1.01626
 0.43925, 1.01626, 0.43925, 0.98374
 0.43925, 0.98374, 0.43783, 0.98232
 0.43783, 0.98232, 0.50875, 0.91140
 0.50875, 0.91140, 0.51140, 0.90875
 0.51140, 0.90875, 0.51328, 0.90550
 0.51328, 0.90550, 0.51425, 0.90188
 0.51425, 0.90188, 0.51425, 0.50590
 0.51425, 0.50590, 0.56140, 0.45875
 0.56140, 0.45875, 0.56328, 0.45550
 0.56328, 0.45550, 0.56425, 0.45188
 0.56425, 0.45188, 0.56425, 0.24812
 0.56425, 0.24812, 0.56328, 0.24450
 0.56328, 0.24450, 0.56140, 0.24125
 0.56140, 0.24125, 0.51140, 0.19125
 0.51140, 0.19125, 0.51140, 0.19125
 0.51140, 0.19125, 0.50875, 0.18860
 0.50875, 0.18860, 0.50550, 0.18672
 0.50550, 0.18672, 0.50188, 0.18575
 0.50188, 0.18575, 0.44812, 0.18575
 0.44812, 0.18575, 0.44450, 0.18672
 0.44450, 0.18672, 0.44125, 0.18860
 0.44125, 0.18860, 0.39125, 0.23860
 0.39125, 0.23860, 0.39125, 0.23860
 0.39125, 0.23860, 0.38860, 0.24125
 0.38860, 0.24125, 0.38672, 0.24450
 0.38672, 0.24450, 0.38575, 0.24812
 0.38575, 0.24812, 0.38575, 0.28024
 0.38575, 0.28024, 0.36626, 0.26075
 0.36626, 0.26075, 0.33374, 0.26075
 0.33374, 0.26075, 0.31075, 0.28374
 0.31075, 0.28374, 0.31075, 0.31626
 0.31075, 0.31626, 0.31217, 0.31768
 0.31217, 0.31768, 0.29410, 0.33575
 0.29410, 0.33575, 0.26626, 0.33575
 0.26626, 0.33575, 0.26859, 0.33478
 0.26859, 0.33478, 0.27502, 0.33049
 0.27502, 0.33049, 0.28049, 0.32502
 0.28049, 0.32502, 0.28478, 0.31859
 0.28478, 0.31859, 0.28774, 0.31145
 0.28774, 0.31145, 0.28925, 0.30387
 0.28925, 0.30387, 0.28925, 0.29613
 0.28925, 0.29613, 0.28774, 0.28855
 0.28774, 0.28855, 0.28478, 0.28141
 0.28478, 0.28141, 0.28049, 0.27498
 0.28049, 0.27498, 0.27502, 0.26951
 0.27502, 0.26951, 0.26859, 0.26522
 0.26859, 0.26522, 0.26145, 0.26226
 0.26145, 0.26226, 0.25387, 0.26075
 0.25387, 0.26075, 0.24613, 0.26075
 0.24613, 0.26075, 0.23855, 0.26226
 0.23855, 0.26226, 0.23141, 0.26522
 0.23141, 0.26522, 0.22498, 0.26951
 0.22498, 0.26951, 0.21951, 0.27498
 0.21951, 0.27498, 0.21522, 0.28141
 0.21522, 0.28141, 0.21342, 0.28575
 0.21342, 0.28575, 0.14812, 0.28575
 0.14812, 0.28575, 0.14450, 0.28672
 0.14450, 0.28672, 0.14125, 0.28860
 0.14125, 0.28860, 0.13860, 0.29125
 0.15779, 0.32580, 0.12580, 0.35779
 0.12580, 0.35779, 0.12445, 0.36013
 0.12445, 0.36013, 0.12375, 0.36273
 0.12375, 0.36273, 0.12375, 0.36927
 0.12375, 0.36927, 0.12445, 0.37187
 0.12445, 0.37187, 0.12580, 0.37421
 0.12580, 0.37421, 0.12771, 0.37612
 0.12771, 0.37612, 0.13004, 0.37747
 0.13004, 0.37747, 0.13265, 0.37817
 0.13265, 0.37817, 0.13535, 0.37817
 0.13535, 0.37817, 0.13796, 0.37747
 0.13796, 0.37747, 0.14029, 0.37612
 0.14029, 0.37612, 0.17421, 0.34220
 0.17421, 0.34220, 0.17612, 0.34029
 0.17612, 0.34029, 0.17747, 0.33796
 0.17747, 0.33796, 0.17817, 0.33535
 0.17817, 0.33535, 0.17817, 0.33265
 0.17817, 0.33265, 0.17747, 0.33004
 0.17747, 0.33004, 0.17612, 0.32771
 0.17612, 0.32771, 0.17421, 0.32580
 0.17421, 0.32580, 0.17187, 0.32445
 0.17187, 0.32445, 0.16927, 0.32375
 0.16927, 0.32375, 0.16543, 0.32375
 0.16543, 0.32375, 0.16273, 0.32375
 0.16273, 0.32375, 0.16013, 0.32445
 0.16013, 0.32445, 0.15779, 0.32580
 0.16425, 0.40590, 0.20590, 0.36425
 0.20590, 0.36425, 0.23024, 0.36425
 0.23024, 0.36425, 0.21075, 0.38374
 0.21075, 0.38374, 0.21075, 0.41626
 0.21075, 0.41626, 0.21217, 0.41768
 0.21217, 0.41768, 0.18860, 0.44125
 0.18860, 0.44125, 0.18672, 0.44450
 0.18672, 0.44450, 0.18575, 0.44812
 0.18575, 0.44812, 0.18575, 0.90188
 0.18575, 0.90188, 0.18672, 0.90550
 0.18672, 0.90550, 0.18860, 0.90875
 0.18860, 0.90875, 0.19125, 0.91140
 0.19125, 0.91140, 0.23860, 0.95875
 0.23860, 0.95875, 0.23860, 0.95875
 0.23860, 0.95875, 0.24125, 0.96140
 0.24125, 0.96140, 0.24450, 0.96328
 0.24450, 0.96328, 0.24812, 0.96425
 0.24812, 0.96425, 0.28024, 0.96425
 0.28024, 0.96425, 0.26075, 0.98374
 0.26075, 0.98374, 0.26075, 0.98575
 0.26075, 0.98575, 0.20590, 0.98575
 0.20590, 0.98575, 0.16425, 0.94410
 0.16425, 0.94410, 0.16425, 0.40590
 0.17580, 0.40779, 0.17445, 0.41013
 0.17445, 0.41013, 0.17395, 0.41201
 0.17395, 0.41201, 0.17375, 0.41273
 0.17375, 0.41273, 0.17375, 0.41927
 0.17375, 0.41927, 0.17445, 0.42187
 0.17445, 0.42187, 0.17580, 0.42421
 0.17580, 0.42421, 0.17771, 0.42612
 0.17771, 0.42612, 0.18004, 0.42747
 0.18004, 0.42747, 0.18186, 0.42796
 0.18186, 0.42796, 0.18265, 0.42817
 0.18265, 0.42817, 0.18535, 0.42817
 0.18535, 0.42817, 0.18796, 0.42747
 0.18796, 0.42747, 0.19029, 0.42612
 0.19029, 0.42612, 0.19920, 0.41721
 0.19920, 0.41721, 0.20055, 0.41487
 0.20055, 0.41487, 0.20105, 0.41299
 0.20105, 0.41299, 0.20125, 0.41227
 0.20125, 0.41227, 0.20125, 0.40573
 0.20125, 0.40573, 0.20055, 0.40313
 0.20055, 0.40313, 0.19920, 0.40079
 0.19920, 0.40079, 0.19729, 0.39888
 0.19729, 0.39888, 0.19496, 0.39753
 0.19496, 0.39753, 0.19302, 0.39701
 0.19302, 0.39701, 0.19235, 0.39683
 0.19235, 0.39683, 0.18965, 0.39683
 0.18965, 0.39683, 0.18704, 0.39753
 0.18704, 0.39753, 0.18471, 0.39888
 0.18471, 0.39888, 0.17580, 0.40779
 0.23232, 0.43783, 0.23374, 0.43925
 0.23374, 0.43925, 0.26626, 0.43925
 0.26626, 0.43925, 0.28925, 0.41626
 0.28925, 0.41626, 0.28925, 0.38374
 0.28925, 0.38374, 0.26976, 0.36425
 0.26976, 0.36425, 0.30188, 0.36425
 0.30188, 0.36425, 0.30550, 0.36328
 0.30550, 0.36328, 0.30875, 0.36140
 0.30875, 0.36140, 0.33232, 0.33783
 0.33232, 0.33783, 0.33374, 0.33925
 0.33374, 0.33925, 0.36626, 0.33925
 0.36626, 0.33925, 0.38575, 0.31976
 0.38575, 0.31976, 0.38575, 0.34410
 0.38575, 0.34410, 0.36768, 0.36217
 0.36768, 0.36217, 0.36626, 0.36075
 0.36626, 0.36075, 0.33374, 0.36075
 0.33374, 0.36075, 0.31075, 0.38374
 0.31075, 0.38374, 0.31075, 0.41626
 0.31075, 0.41626, 0.33374, 0.43925
 0.33374, 0.43925, 0.36626, 0.43925
 0.36626, 0.43925, 0.38575, 0.41976
 0.38575, 0.41976, 0.38575, 0.59410
 0.38575, 0.59410, 0.28860, 0.69125
 0.28860, 0.69125, 0.28672, 0.69450
 0.28672, 0.69450, 0.28575, 0.69812
 0.28575, 0.69812, 0.28575, 0.86075
 0.28575, 0.86075, 0.28374, 0.86075
 0.28374, 0.86075, 0.26075, 0.88374
 0.26075, 0.88374, 0.26075, 0.91626
 0.26075, 0.91626, 0.28024, 0.93575
 0.28024, 0.93575, 0.25590, 0.93575
 0.25590, 0.93575, 0.21425, 0.89410
 0.21425, 0.89410, 0.21425, 0.45590
 0.21425, 0.45590, 0.23232, 0.43783
 0.23279, 0.45080, 0.22771, 0.45588
 0.22771, 0.45588, 0.22580, 0.45779
 0.22580, 0.45779, 0.22445, 0.46013
 0.22445, 0.46013, 0.22375, 0.46273
 0.22375, 0.46273, 0.22375, 0.88727
 0.22375, 0.88727, 0.22393, 0.88793
 0.22393, 0.88793, 0.22445, 0.88987
 0.22445, 0.88987, 0.22580, 0.89221
 0.22580, 0.89221, 0.23471, 0.90112
 0.23471, 0.90112, 0.23704, 0.90247
 0.23704, 0.90247, 0.23965, 0.90317
 0.23965, 0.90317, 0.24235, 0.90317
 0.24235, 0.90317, 0.24308, 0.90297
 0.24308, 0.90297, 0.24496, 0.90247
 0.24496, 0.90247, 0.24729, 0.90112
 0.24729, 0.90112, 0.24920, 0.89921
 0.24920, 0.89921, 0.25055, 0.89687
 0.25055, 0.89687, 0.25125, 0.89427
 0.25125, 0.89427, 0.25125, 0.87981
 0.25125, 0.87981, 0.27229, 0.85876
 0.27229, 0.85876, 0.27420, 0.85686
 0.27420, 0.85686, 0.27555, 0.85452
 0.27555, 0.85452, 0.27625, 0.85191
 0.27625, 0.85191, 0.27625, 0.69528
 0.27625, 0.69528, 0.27987, 0.68655
 0.27987, 0.68655, 0.37229, 0.59412
 0.37229, 0.59412, 0.37420, 0.59221
 0.37420, 0.59221, 0.37555, 0.58987
 0.37555, 0.58987, 0.37625, 0.58727
 0.37625, 0.58727, 0.37625, 0.46035
 0.37625, 0.46035, 0.37625, 0.45765
 0.37625, 0.45765, 0.37555, 0.45504
 0.37555, 0.45504, 0.37420, 0.45271
 0.37420, 0.45271, 0.37229, 0.45080
 0.37229, 0.45080, 0.36996, 0.44945
 0.36996, 0.44945, 0.36735, 0.44875
 0.36735, 0.44875, 0.32981, 0.44875
 0.32981, 0.44875, 0.30820, 0.42714
 0.30820, 0.42714, 0.30629, 0.42524
 0.30629, 0.42524, 0.30396, 0.42389
 0.30396, 0.42389, 0.30135, 0.42319
 0.30135, 0.42319, 0.29865, 0.42319
 0.29865, 0.42319, 0.29604, 0.42389
 0.29604, 0.42389, 0.29371, 0.42524
 0.29371, 0.42524, 0.27019, 0.44875
 0.27019, 0.44875, 0.23773, 0.44875
 0.23773, 0.44875, 0.23513, 0.44945
 0.23513, 0.44945, 0.23279, 0.45080
 0.43374, 0.43925, 0.43575, 0.43925
 0.43575, 0.43925, 0.43575, 0.64410
 0.43575, 0.64410, 0.38860, 0.69125
 0.38860, 0.69125, 0.38672, 0.69450
 0.38672, 0.69450, 0.38575, 0.69812
 0.38575, 0.69812, 0.38575, 0.86075
 0.38575, 0.86075, 0.38374, 0.86075
 0.38374, 0.86075, 0.36075, 0.88374
 0.36075, 0.88374, 0.36075, 0.91626
 0.36075, 0.91626, 0.38374, 0.93925
 0.38374, 0.93925, 0.41626, 0.93925
 0.41626, 0.93925, 0.43925, 0.91626
 0.43925, 0.91626, 0.43925, 0.88374
 0.43925, 0.88374, 0.41626, 0.86075
 0.41626, 0.86075, 0.41425, 0.86075
 0.41425, 0.86075, 0.41425, 0.70590
 0.41425, 0.70590, 0.45875, 0.66140
 0.45875, 0.66140, 0.46140, 0.65875
 0.46140, 0.65875, 0.46328, 0.65550
 0.46328, 0.65550, 0.46425, 0.65188
 0.46425, 0.65188, 0.46425, 0.43925
 0.46425, 0.43925, 0.46626, 0.43925
 0.46626, 0.43925, 0.48925, 0.41626
 0.48925, 0.41626, 0.48925, 0.38374
 0.48925, 0.38374, 0.46626, 0.36075
 0.46626, 0.36075, 0.45940, 0.36075
 0.45940, 0.36075, 0.46140, 0.35875
 0.46140, 0.35875, 0.46328, 0.35550
 0.46328, 0.35550, 0.46425, 0.35188
 0.46425, 0.35188, 0.46425, 0.33925
 0.46425, 0.33925, 0.46626, 0.33925
 0.46626, 0.33925, 0.48925, 0.31626
 0.48925, 0.31626, 0.48925, 0.28374
 0.48925, 0.28374, 0.46626, 0.26075
 0.46626, 0.26075, 0.43374, 0.26075
 0.43374, 0.26075, 0.41425, 0.28024
 0.41425, 0.28024, 0.41425, 0.25590
 0.41425, 0.25590, 0.45590, 0.21425
 0.45590, 0.21425, 0.49410, 0.21425
 0.49410, 0.21425, 0.53575, 0.25590
 0.53575, 0.25590, 0.53575, 0.44410
 0.53575, 0.44410, 0.48860, 0.49125
 0.48860, 0.49125, 0.48672, 0.49450
 0.48672, 0.49450, 0.48575, 0.49812
 0.48575, 0.49812, 0.48575, 0.89410
 0.48575, 0.89410, 0.41768, 0.96217
 0.41768, 0.96217, 0.41626, 0.96075
 0.41626, 0.96075, 0.38374, 0.96075
 0.38374, 0.96075, 0.36425, 0.98024
 0.36425, 0.98024, 0.36425, 0.94812
 0.36425, 0.94812, 0.36328, 0.94450
 0.36328, 0.94450, 0.36140, 0.94125
 0.36140, 0.94125, 0.35875, 0.93860
 0.35875, 0.93860, 0.35550, 0.93672
 0.35550, 0.93672, 0.35188, 0.93575
 0.35188, 0.93575, 0.31976, 0.93575
 0.31976, 0.93575, 0.33925, 0.91626
 0.33925, 0.91626, 0.33925, 0.88374
 0.33925, 0.88374, 0.31626, 0.86075
 0.31626, 0.86075, 0.31425, 0.86075
 0.31425, 0.86075, 0.31425, 0.70590
 0.31425, 0.70590, 0.40875, 0.61140
 0.40875, 0.61140, 0.41140, 0.60875
 0.41140, 0.60875, 0.41328, 0.60550
 0.41328, 0.60550, 0.41425, 0.60188
 0.41425, 0.60188, 0.41425, 0.41976
 0.41425, 0.41976, 0.43374, 0.43925
 0.47580, 0.44314, 0.47445, 0.44548
 0.47445, 0.44548, 0.47375, 0.44809
 0.47375, 0.44809, 0.47375, 0.46927
 0.47375, 0.46927, 0.47445, 0.47187
 0.47445, 0.47187, 0.47580, 0.47421
 0.47580, 0.47421, 0.47771, 0.47612
 0.47771, 0.47612, 0.48004, 0.47747
 0.48004, 0.47747, 0.48265, 0.47817
 0.48265, 0.47817, 0.48535, 0.47817
 0.48535, 0.47817, 0.48796, 0.47747
 0.48796, 0.47747, 0.49029, 0.47612
 0.49029, 0.47612, 0.49082, 0.47559
 0.49082, 0.47559, 0.49220, 0.47421
 0.49220, 0.47421, 0.49220, 0.47421
 0.49220, 0.47421, 0.52367, 0.44274
 0.52367, 0.44274, 0.52420, 0.44221
 0.52420, 0.44221, 0.52422, 0.44218
 0.52422, 0.44218, 0.52555, 0.43987
 0.52555, 0.43987, 0.52624, 0.43730
 0.52624, 0.43730, 0.52625, 0.43727
 0.52625, 0.43727, 0.52625, 0.26273
 0.52625, 0.26273, 0.52555, 0.26013
 0.52555, 0.26013, 0.52420, 0.25779
 0.52420, 0.25779, 0.49412, 0.22771
 0.49412, 0.22771, 0.49221, 0.22580
 0.49221, 0.22580, 0.48987, 0.22445
 0.48987, 0.22445, 0.48727, 0.22375
 0.48727, 0.22375, 0.46273, 0.22375
 0.46273, 0.22375, 0.46206, 0.22393
 0.46206, 0.22393, 0.46013, 0.22445
 0.46013, 0.22445, 0.45779, 0.22580
 0.45779, 0.22580, 0.44888, 0.23471
 0.44888, 0.23471, 0.44753, 0.23704
 0.44753, 0.23704, 0.44683, 0.23965
 0.44683, 0.23965, 0.44683, 0.24235
 0.44683, 0.24235, 0.44703, 0.24308
 0.44703, 0.24308, 0.44753, 0.24496
 0.44753, 0.24496, 0.44888, 0.24729
 0.44888, 0.24729, 0.45079, 0.24920
 0.45079, 0.24920, 0.45313, 0.25055
 0.45313, 0.25055, 0.45573, 0.25125
 0.45573, 0.25125, 0.45573, 0.25125
 0.45573, 0.25125, 0.47019, 0.25125
 0.47019, 0.25125, 0.49875, 0.27981
 0.49875, 0.27981, 0.49875, 0.32019
 0.49875, 0.32019, 0.47771, 0.34124
 0.47771, 0.34124, 0.47580, 0.34314
 0.47580, 0.34314, 0.47445, 0.34548
 0.47445, 0.34548, 0.47375, 0.34809
 0.47375, 0.34809, 0.47375, 0.35191
 0.47375, 0.35191, 0.47445, 0.35452
 0.47445, 0.35452, 0.47580, 0.35686
 0.47580, 0.35686, 0.49875, 0.37981
 0.49875, 0.37981, 0.49875, 0.42019
 0.49875, 0.42019, 0.47771, 0.44124
 0.47771, 0.44124, 0.47771, 0.44124
 0.47771, 0.44124, 0.47580, 0.44314
 0.38925, 0.39060, 0.38925, 0.38374
 0.38925, 0.38374, 0.38783, 0.38232
 0.38783, 0.38232, 0.41140, 0.35875
 0.41140, 0.35875, 0.41328, 0.35550
 0.41328, 0.35550, 0.41425, 0.35188
 0.41425, 0.35188, 0.41425, 0.31976
 0.41425, 0.31976, 0.43374, 0.33925
 0.43374, 0.33925, 0.43575, 0.33925
 0.43575, 0.33925, 0.43575, 0.34410
 0.43575, 0.34410, 0.38925, 0.39060
 0.40780, 0.62579, 0.32580, 0.70779
 0.32580, 0.70779, 0.32445, 0.71013
 0.32445, 0.71013, 0.32375, 0.71273
 0.32375, 0.71273, 0.32375, 0.85191
 0.32375, 0.85191, 0.32445, 0.85452
 0.32445, 0.85452, 0.32580, 0.85686
 0.32580, 0.85686, 0.34180, 0.87286
 0.34180, 0.87286, 0.34371, 0.87476
 0.34371, 0.87476, 0.34604, 0.87611
 0.34604, 0.87611, 0.34865, 0.87681
 0.34865, 0.87681, 0.35135, 0.87681
 0.35135, 0.87681, 0.35396, 0.87611
 0.35396, 0.87611, 0.35629, 0.87476
 0.35629, 0.87476, 0.37229, 0.85876
 0.37229, 0.85876, 0.37420, 0.85685
 0.37420, 0.85685, 0.37555, 0.85452
 0.37555, 0.85452, 0.37625, 0.85191
 0.37625, 0.85191, 0.37625, 0.69528
 0.37625, 0.69528, 0.37987, 0.68655
 0.37987, 0.68655, 0.42229, 0.64412
 0.42229, 0.64412, 0.42420, 0.64221
 0.42420, 0.64221, 0.42555, 0.63987
 0.42555, 0.63987, 0.42625, 0.63727
 0.42625, 0.63727, 0.42625, 0.63073
 0.42625, 0.63073, 0.42555, 0.62813
 0.42555, 0.62813, 0.42420, 0.62579
 0.42420, 0.62579, 0.42229, 0.62388
 0.42229, 0.62388, 0.41996, 0.62253
 0.41996, 0.62253, 0.41735, 0.62183
 0.41735, 0.62183, 0.41465, 0.62183
 0.41465, 0.62183, 0.41204, 0.62253
 0.41204, 0.62253, 0.40971, 0.62388
 0.40971, 0.62388, 0.40840, 0.62519
 0.40840, 0.62519, 0.40780, 0.62579
 0.45780, 0.67579, 0.45780, 0.67579
 0.45780, 0.67579, 0.42633, 0.70726
 0.42633, 0.70726, 0.42580, 0.70779
 0.42580, 0.70779, 0.42578, 0.70782
 0.42578, 0.70782, 0.42445, 0.71013
 0.42445, 0.71013, 0.42376, 0.71270
 0.42376, 0.71270, 0.42375, 0.71273
 0.42375, 0.71273, 0.42375, 0.85191
 0.42375, 0.85191, 0.42445, 0.85452
 0.42445, 0.85452, 0.42580, 0.85685
 0.42580, 0.85685, 0.42771, 0.85876
 0.42771, 0.85876, 0.42771, 0.85876
 0.42771, 0.85876, 0.44875, 0.87981
 0.44875, 0.87981, 0.44875, 0.89427
 0.44875, 0.89427, 0.44945, 0.89687
 0.44945, 0.89687, 0.45080, 0.89921
 0.45080, 0.89921, 0.45271, 0.90112
 0.45271, 0.90112, 0.45504, 0.90247
 0.45504, 0.90247, 0.45765, 0.90317
 0.45765, 0.90317, 0.46035, 0.90317
 0.46035, 0.90317, 0.46296, 0.90247
 0.46296, 0.90247, 0.46529, 0.90112
 0.46529, 0.90112, 0.47229, 0.89412
 0.47229, 0.89412, 0.47420, 0.89221
 0.47420, 0.89221, 0.47555, 0.88987
 0.47555, 0.88987, 0.47625, 0.88727
 0.47625, 0.88727, 0.47625, 0.68073
 0.47625, 0.68073, 0.47555, 0.67813
 0.47555, 0.67813, 0.47420, 0.67579
 0.47420, 0.67579, 0.47229, 0.67388
 0.47229, 0.67388, 0.46996, 0.67253
 0.46996, 0.67253, 0.46735, 0.67183
 0.46735, 0.67183, 0.46465, 0.67183
 0.46465, 0.67183, 0.46204, 0.67253
 0.46204, 0.67253, 0.45971, 0.67388
 0.45971, 0.67388, 0.45918, 0.67441
 0.45918, 0.67441, 0.45780, 0.67579
 0.33575, 0.96425, 0.33575, 0.98024
 0.33575, 0.98024, 0.31976, 0.96425
 0.31976, 0.96425, 0.33575, 0.96425
 0.22817, 0.96465, 0.22747, 0.96204
 0.22747, 0.96204, 0.22612, 0.95971
 0.22612, 0.95971, 0.19220, 0.92579
 0.19220, 0.92579, 0.19029, 0.92388
 0.19029, 0.92388, 0.18796, 0.92253
 0.18796, 0.92253, 0.18535, 0.92183
 0.18535, 0.92183, 0.18265, 0.92183
 0.18265, 0.92183, 0.18004, 0.92253
 0.18004, 0.92253, 0.17771, 0.92388
 0.17771, 0.92388, 0.17580, 0.92579
 0.17580, 0.92579, 0.17445, 0.92813
 0.17445, 0.92813, 0.17375, 0.93073
 0.17375, 0.93073, 0.17375, 0.93457
 0.17375, 0.93457, 0.17375, 0.93727
 0.17375, 0.93727, 0.17445, 0.93987
 0.17445, 0.93987, 0.17580, 0.94221
 0.17580, 0.94221, 0.20779, 0.97420
 0.20779, 0.97420, 0.21013, 0.97555
 0.21013, 0.97555, 0.21273, 0.97625
 0.21273, 0.97625, 0.21927, 0.97625
 0.21927, 0.97625, 0.22187, 0.97555
 0.22187, 0.97555, 0.22421, 0.97420
 0.22421, 0.97420, 0.22612, 0.97229
 0.22612, 0.97229, 0.22747, 0.96996
 0.22747, 0.96996, 0.22817, 0.96735
 0.22817, 0.96735, 0.22817, 0.96465
 0.25191, 1.02375, 0.19528, 1.02375
 0.19528, 1.02375, 0.18655, 1.02013
 0.18655, 1.02013, 0.14220, 0.97579
 0.14220, 0.97579, 0.14029, 0.97388
 0.14029, 0.97388, 0.13796, 0.97253
 0.13796, 0.97253, 0.13535, 0.97183
 0.13535, 0.97183, 0.13265, 0.97183
 0.13265, 0.97183, 0.13262, 0.97184
 0.13262, 0.97184, 0.13004, 0.97253
 0.13004, 0.97253, 0.12774, 0.97386
 0.12774, 0.97386, 0.12771, 0.97388
 0.12771, 0.97388, 0.12580, 0.97579
 0.12580, 0.97579, 0.12445, 0.97813
 0.12445, 0.97813, 0.12375, 0.98073
 0.12375, 0.98073, 0.12375, 0.98727
 0.12375, 0.98727, 0.12445, 0.98987
 0.12445, 0.98987, 0.12580, 0.99221
 0.12580, 0.99221, 0.12771, 0.99412
 0.12771, 0.99412, 0.12771, 0.99412
 0.12771, 0.99412, 0.20588, 1.07229
 0.20588, 1.07229, 0.20779, 1.07420
 0.20779, 1.07420, 0.21013, 1.07555
 0.21013, 1.07555, 0.21273, 1.07625
 0.21273, 1.07625, 0.25191, 1.07625
 0.25191, 1.07625, 0.25452, 1.07555
 0.25452, 1.07555, 0.25685, 1.07420
 0.25685, 1.07420, 0.27286, 1.05820
 0.27286, 1.05820, 0.27476, 1.05629
 0.27476, 1.05629, 0.27611, 1.05396
 0.27611, 1.05396, 0.27681, 1.05135
 0.27681, 1.05135, 0.27681, 1.04865
 0.27681, 1.04865, 0.27611, 1.04604
 0.27611, 1.04604, 0.27476, 1.04371
 0.27476, 1.04371, 0.25876, 1.02771
 0.25876, 1.02771, 0.25686, 1.02580
 0.25686, 1.02580, 0.25452, 1.02445
 0.25452, 1.02445, 0.25191, 1.02375
# pass=2
# preview window width=800 height=600
 0.03780, 0.04064, 0.03579, 0.04411
 0.03579, 0.04411, 0.03475, 0.04799
 0.03475, 0.04799, 0.03475, 1.33700
 0.03475, 1.33700, 0.03475, 1.34102
 0.03475, 1.34102, 0.03579, 1.34489
 0.03579, 1.34489, 0.03780, 1.34837
 0.03780, 1.34837, 0.04064, 1.35121
 0.04064, 1.35121, 0.04411, 1.35322
 0.04411, 1.35322, 0.04799, 1.35426
 0.04799, 1.35426, 0.65201, 1.35426
 0.65201, 1.35426, 0.65589, 1.35322
 0.65589, 1.35322, 0.65936, 1.35121
 0.65936, 1.35121, 0.66220, 1.34837
 0.66220, 1.34837, 0.66421, 1.34489
 0.66421, 1.34489, 0.66525, 1.34102
 0.66525, 1.34102, 0.66525, 0.04799
 0.66525, 0.04799, 0.66421, 0.04411
 0.66421, 0.04411, 0.66220, 0.04064
 0.66220, 0.04064, 0.65936, 0.03780
 0.65936, 0.03780, 0.65589, 0.03579
 0.65589, 0.03579, 0.65201, 0.03475
 0.65201, 0.03475, 0.04799, 0.03475
 0.04799, 0.03475, 0.04411, 0.03579
 0.04411, 0.03579, 0.04064, 0.03780
 0.04064, 0.03780, 0.03780, 0.04064
 0.11925, 0.35797, 0.12083, 0.35639
 0.12083, 0.35639, 0.11979, 0.35820
 0.11979, 0.35820, 0.11925, 0.36021
 0.11925, 0.36021, 0.11925, 0.35797
 0.11925, 0.37179, 0.11979, 0.37380
 0.11979, 0.37380, 0.12180, 0.37728
 0.12180, 0.37728, 0.12464, 0.38012
 0.12464, 0.38012, 0.12811, 0.38213
 0.12811, 0.38213, 0.13199, 0.38317
 0.13199, 0.38317, 0.13601, 0.38317
 0.13601, 0.38317, 0.13989, 0.38213
 0.13989, 0.38213, 0.14169, 0.38109
 0.14169, 0.38109, 0.13460, 0.38818
 0.13460, 0.38818, 0.13206, 0.39257
 0.13206, 0.39257, 0.13075, 0.39747
 0.13075, 0.39747, 0.13075, 0.95253
 0.13075, 0.95253, 0.13206, 0.95743
 0.13206, 0.95743, 0.13460, 0.96182
 0.13460, 0.96182, 0.13818, 0.96540
 0.13818, 0.96540, 0.14169, 0.96891
 0.14169, 0.96891, 0.13989, 0.96787
 0.13989, 0.96787, 0.13972, 0.96783
 0.13972, 0.96783, 0.13601, 0.96683
 0.13601, 0.96683, 0.13199, 0.96683
 0.13199, 0.96683, 0.12811, 0.96787
 0.12811, 0.96787, 0.12807, 0.96790
 0.12807, 0.96790, 0.12464, 0.96988
 0.12464, 0.96988, 0.12184, 0.97267
 0.12184, 0.97267, 0.12180, 0.97272
 0.12180, 0.97272, 0.11979, 0.97620
 0.11979, 0.97620, 0.11974, 0.97636
 0.11974, 0.97636, 0.11925, 0.97821
 0.11925, 0.97821, 0.11925, 0.37179
 0.17083, 0.40639, 0.16979, 0.40820
 0.16979, 0.40820, 0.16925, 0.41021
 0.16925, 0.41021, 0.16925, 0.40797
 0.16925, 0.40797, 0.17083, 0.40639
 0.16925, 0.42179, 0.16979, 0.42380
 0.16979, 0.42380, 0.17180, 0.42728
 0.17180, 0.42728, 0.17450, 0.42999
 0.17450, 0.42999, 0.17464, 0.43012
 0.17464, 0.43012, 0.17464, 0.43012
 0.17464, 0.43012, 0.17597, 0.43089
 0.17597, 0.43089, 0.17811, 0.43213
 0.17811, 0.43213, 0.18199, 0.43317
 0.18199, 0.43317, 0.18601, 0.43317
 0.18601, 0.43317, 0.18989, 0.43213
 0.18989, 0.43213, 0.19169, 0.43109
 0.19169, 0.43109, 0.18460, 0.43818
 0.18460, 0.43818, 0.18206, 0.44257
 0.18206, 0.44257, 0.18075, 0.44747
 0.18075, 0.44747, 0.18075, 0.90253
 0.18075, 0.90253, 0.18206, 0.90743
 0.18206, 0.90743, 0.18460, 0.91182
 0.18460, 0.91182, 0.18818, 0.91540
 0.18818, 0.91540, 0.19169, 0.91891
 0.19169, 0.91891, 0.18989, 0.91787
 0.18989, 0.91787, 0.18601, 0.91683
 0.18601, 0.91683, 0.18199, 0.91683
 0.18199, 0.91683, 0.17811, 0.91787
 0.17811, 0.91787, 0.17464, 0.91988
 0.17464, 0.91988, 0.17180, 0.92272
 0.17180, 0.92272, 0.16979, 0.92620
 0.16979, 0.92620, 0.16925, 0.92821
 0.16925, 0.92821, 0.16925, 0.42179
 0.20417, 0.41861, 0.20521, 0.41680
 0.20521, 0.41680, 0.20575, 0.41479
 0.20575, 0.41479, 0.20575, 0.41703
 0.20575, 0.41703, 0.20417, 0.41861
 0.20575, 0.40321, 0.20521, 0.40120
 0.20521, 0.40120, 0.20320, 0.39772
 0.20320, 0.39772, 0.20036, 0.39488
 0.20036, 0.39488, 0.19885, 0.39401
 0.19885, 0.39401, 0.19689, 0.39287
 0.19689, 0.39287, 0.19301, 0.39183
 0.19301, 0.39183, 0.18899, 0.39183
 0.18899, 0.39183, 0.18511, 0.39287
 0.18511, 0.39287, 0.18331, 0.39391
 0.18331, 0.39391, 0.20797, 0.36925
 0.20797, 0.36925, 0.21817, 0.36925
 0.21817, 0.36925, 0.20575, 0.38167
 0.20575, 0.38167, 0.20575, 0.40321
 0.23139, 0.44583, 0.23297, 0.44425
 0.23297, 0.44425, 0.23521, 0.44425
 0.23521, 0.44425, 0.23320, 0.44479
 0.23320, 0.44479, 0.23139, 0.44583
 0.22083, 0.45639, 0.21979, 0.45820
 0.21979, 0.45820, 0.21925, 0.46021
 0.21925, 0.46021, 0.21925, 0.45797
 0.21925, 0.45797, 0.22083, 0.45639
 0.29231, 0.42027, 0.29425, 0.41833
 0.29425, 0.41833, 0.29425, 0.38167
 0.29425, 0.38167, 0.28183, 0.36925
 0.28183, 0.36925, 0.30253, 0.36925
 0.30253, 0.36925, 0.30743, 0.36794
 0.30743, 0.36794, 0.31182, 0.36540
 0.31182, 0.36540, 0.33297, 0.34425
 0.33297, 0.34425, 0.36833, 0.34425
 0.36833, 0.34425, 0.38075, 0.33183
 0.38075, 0.33183, 0.38075, 0.34203
 0.38075, 0.34203, 0.36703, 0.35575
 0.36703, 0.35575, 0.33167, 0.35575
 0.33167, 0.35575, 0.30575, 0.38167
 0.30575, 0.38167, 0.30575, 0.41833
 0.30575, 0.41833, 0.30769, 0.42027
 0.30769, 0.42027, 0.30589, 0.41923
 0.30589, 0.41923, 0.30201, 0.41819
 0.30201, 0.41819, 0.29799, 0.41819
 0.29799, 0.41819, 0.29411, 0.41923
 0.29411, 0.41923, 0.29231, 0.42027
 0.29203, 0.33075, 0.28183, 0.33075
 0.28183, 0.33075, 0.28375, 0.32883
 0.28375, 0.32883, 0.28785, 0.32319
 0.28785, 0.32319, 0.29101, 0.31699
 0.29101, 0.31699, 0.29316, 0.31036
 0.29316, 0.31036, 0.29425, 0.30348
 0.29425, 0.30348, 0.29425, 0.29652
 0.29425, 0.29652, 0.29316, 0.28964
 0.29316, 0.28964, 0.29101, 0.28301
 0.29101, 0.28301, 0.28785, 0.27681
 0.28785, 0.27681, 0.28563, 0.27376
 0.28563, 0.27376, 0.28780, 0.27593
 0.28780, 0.27593, 0.28780, 0.27593
 0.28780, 0.27593, 0.29064, 0.27876
 0.29064, 0.27876, 0.29215, 0.27964
 0.29215, 0.27964, 0.29411, 0.28077
 0.29411, 0.28077, 0.29799, 0.28181
 0.29799, 0.28181, 0.30201, 0.28181
 0.30201, 0.28181, 0.30589, 0.28077
 0.30589, 0.28077, 0.30769, 0.27973
 0.30769, 0.27973, 0.30575, 0.28167
 0.30575, 0.28167, 0.30575, 0.31703
 0.30575, 0.31703, 0.29203, 0.33075
 0.21817, 0.33075, 0.19747, 0.33075
 0.19747, 0.33075, 0.19257, 0.33206
 0.19257, 0.33206, 0.18818, 0.33460
 0.18818, 0.33460, 0.18460, 0.33818
 0.18460, 0.33818, 0.18109, 0.34169
 0.18109, 0.34169, 0.18213, 0.33989
 0.18213, 0.33989, 0.18317, 0.33601
 0.18317, 0.33601, 0.18317, 0.33199
 0.18317, 0.33199, 0.18213, 0.32811
 0.18213, 0.32811, 0.18012, 0.32464
 0.18012, 0.32464, 0.17728, 0.32180
 0.17728, 0.32180, 0.17380, 0.31979
 0.17380, 0.31979, 0.17179, 0.31925
 0.17179, 0.31925, 0.21015, 0.31925
 0.21015, 0.31925, 0.21215, 0.32319
 0.21215, 0.32319, 0.21625, 0.32883
 0.21625, 0.32883, 0.21817, 0.33075
 0.21015, 0.28075, 0.20443, 0.28075
 0.20443, 0.28075, 0.20645, 0.28021
 0.20645, 0.28021, 0.20993, 0.27820
 0.20993, 0.27820, 0.21022, 0.27791
 0.21022, 0.27791, 0.21276, 0.27536
 0.21276, 0.27536, 0.21276, 0.27536
 0.21276, 0.27536, 0.21437, 0.27376
 0.21437, 0.27376, 0.21215, 0.27681
 0.21215, 0.27681, 0.21015, 0.28075
 0.22376, 0.26437, 0.22522, 0.26291
 0.22522, 0.26291, 0.22650, 0.26238
 0.22650, 0.26238, 0.22376, 0.26437
 0.24002, 0.25678, 0.24130, 0.25625
 0.24130, 0.25625, 0.24336, 0.25625
 0.24336, 0.25625, 0.24002, 0.25678
 0.25664, 0.25625, 0.25870, 0.25625
 0.25870, 0.25625, 0.25998, 0.25678
 0.25998, 0.25678, 0.25664, 0.25625
 0.27350, 0.26238, 0.27478, 0.26291
 0.27478, 0.26291, 0.27624, 0.26437
 0.27624, 0.26437, 0.27350, 0.26238
 0.36883, 0.25625, 0.36893, 0.25625
 0.36893, 0.25625, 0.36991, 0.25599
 0.36991, 0.25599, 0.37091, 0.25586
 0.37091, 0.25586, 0.37184, 0.25547
 0.37184, 0.25547, 0.37281, 0.25521
 0.37281, 0.25521, 0.37369, 0.25471
 0.37369, 0.25471, 0.37462, 0.25432
 0.37462, 0.25432, 0.37542, 0.25371
 0.37542, 0.25371, 0.37629, 0.25320
 0.37629, 0.25320, 0.37700, 0.25249
 0.37700, 0.25249, 0.37780, 0.25188
 0.37780, 0.25188, 0.37842, 0.25108
 0.37842, 0.25108, 0.37913, 0.25036
 0.37913, 0.25036, 0.37963, 0.24949
 0.37963, 0.24949, 0.38025, 0.24869
 0.38025, 0.24869, 0.38063, 0.24776
 0.38063, 0.24776, 0.38075, 0.24756
 0.38075, 0.24756, 0.38075, 0.26817
 0.38075, 0.26817, 0.36883, 0.25625
 0.41925, 0.25797, 0.44391, 0.23331
 0.44391, 0.23331, 0.44287, 0.23511
 0.44287, 0.23511, 0.44183, 0.23899
 0.44183, 0.23899, 0.44183, 0.24301
 0.44183, 0.24301, 0.44287, 0.24689
 0.44287, 0.24689, 0.44406, 0.24894
 0.44406, 0.24894, 0.44488, 0.25036
 0.44488, 0.25036, 0.44488, 0.25036
 0.44488, 0.25036, 0.44492, 0.25041
 0.44492, 0.25041, 0.44772, 0.25320
 0.44772, 0.25320, 0.45120, 0.25521
 0.45120, 0.25521, 0.45321, 0.25575
 0.45321, 0.25575, 0.43167, 0.25575
 0.43167, 0.25575, 0.41925, 0.26817
 0.41925, 0.26817, 0.41925, 0.25797
 0.41925, 0.33183, 0.43010, 0.34268
 0.43010, 0.34268, 0.41889, 0.35389
 0.41889, 0.35389, 0.41925, 0.35253
 0.41925, 0.35253, 0.41925, 0.33183
 0.46925, 0.34333, 0.47083, 0.34175
 0.47083, 0.34175, 0.46979, 0.34355
 0.46979, 0.34355, 0.46925, 0.34556
 0.46925, 0.34556, 0.46925, 0.34333
 0.46900, 0.35348, 0.46979, 0.35645
 0.46979, 0.35645, 0.47083, 0.35825
 0.47083, 0.35825, 0.46838, 0.35580
 0.46838, 0.35580, 0.46900, 0.35348
 0.46925, 0.44333, 0.47083, 0.44175
 0.47083, 0.44175, 0.46979, 0.44355
 0.46979, 0.44355, 0.46925, 0.44556
 0.46925, 0.44556, 0.46925, 0.44333
 0.46925, 0.47179, 0.46979, 0.47380
 0.46979, 0.47380, 0.47180, 0.47728
 0.47180, 0.47728, 0.47464, 0.48012
 0.47464, 0.48012, 0.47811, 0.48213
 0.47811, 0.48213, 0.48199, 0.48317
 0.48199, 0.48317, 0.48601, 0.48317
 0.48601, 0.48317, 0.48989, 0.48213
 0.48989, 0.48213, 0.49169, 0.48109
 0.49169, 0.48109, 0.48460, 0.48818
 0.48460, 0.48818, 0.48206, 0.49257
 0.48206, 0.49257, 0.48075, 0.49747
 0.48075, 0.49747, 0.48075, 0.67821
 0.48075, 0.67821, 0.48021, 0.67620
 0.48021, 0.67620, 0.47820, 0.67272
 0.47820, 0.67272, 0.47536, 0.66988
 0.47536, 0.66988, 0.47189, 0.66787
 0.47189, 0.66787, 0.46801, 0.66683
 0.46801, 0.66683, 0.46399, 0.66683
 0.46399, 0.66683, 0.46011, 0.66787
 0.46011, 0.66787, 0.45831, 0.66891
 0.45831, 0.66891, 0.46182, 0.66540
 0.46182, 0.66540, 0.46540, 0.66182
 0.46540, 0.66182, 0.46794, 0.65743
 0.46794, 0.65743, 0.46925, 0.65253
 0.46925, 0.65253, 0.46925, 0.47179
 0.43075, 0.44333, 0.43075, 0.62821
 0.43075, 0.62821, 0.43021, 0.62620
 0.43021, 0.62620, 0.42820, 0.62272
 0.42820, 0.62272, 0.42536, 0.61988
 0.42536, 0.61988, 0.42189, 0.61787
 0.42189, 0.61787, 0.41801, 0.61683
 0.41801, 0.61683, 0.41399, 0.61683
 0.41399, 0.61683, 0.41011, 0.61787
 0.41011, 0.61787, 0.40831, 0.61891
 0.40831, 0.61891, 0.41182, 0.61540
 0.41182, 0.61540, 0.41540, 0.61182
 0.41540, 0.61182, 0.41794, 0.60743
 0.41794, 0.60743, 0.41925, 0.60253
 0.41925, 0.60253, 0.41925, 0.43183
 0.41925, 0.43183, 0.43075, 0.44333
 0.37536, 0.44680, 0.37189, 0.44479
 0.37189, 0.44479, 0.36866, 0.44392
 0.36866, 0.44392, 0.38075, 0.43183
 0.38075, 0.43183, 0.38075, 0.45513
 0.38075, 0.45513, 0.38021, 0.45311
 0.38021, 0.45311, 0.37820, 0.44964
 0.37820, 0.44964, 0.37536, 0.44680
 0.38075, 0.58979, 0.38075, 0.59203
 0.38075, 0.59203, 0.37917, 0.59361
 0.37917, 0.59361, 0.38021, 0.59180
 0.38021, 0.59180, 0.38075, 0.58979
 0.43075, 0.63979, 0.43075, 0.64203
 0.43075, 0.64203, 0.42917, 0.64361
 0.42917, 0.64361, 0.43021, 0.64180
 0.43021, 0.64180, 0.43075, 0.63979
 0.42083, 0.70639, 0.41981, 0.70815
 0.41981, 0.70815, 0.41979, 0.70820
 0.41979, 0.70820, 0.41925, 0.71021
 0.41925, 0.71021, 0.41925, 0.70797
 0.41925, 0.70797, 0.42083, 0.70639
 0.32083, 0.70639, 0.31979, 0.70820
 0.31979, 0.70820, 0.31925, 0.71021
 0.31925, 0.71021, 0.31925, 0.70797
 0.31925, 0.70797, 0.32083, 0.70639
 0.31925, 0.85443, 0.31979, 0.85645
 0.31979, 0.85645, 0.32083, 0.85825
 0.32083, 0.85825, 0.31925, 0.85667
 0.31925, 0.85667, 0.31925, 0.85443
 0.28075, 0.85443, 0.28075, 0.85667
 0.28075, 0.85667, 0.27917, 0.85825
 0.27917, 0.85825, 0.28021, 0.85645
 0.28021, 0.85645, 0.28075, 0.85443
 0.25575, 0.89679, 0.25575, 0.91833
 0.25575, 0.91833, 0.26817, 0.93075
 0.26817, 0.93075, 0.25797, 0.93075
 0.25797, 0.93075, 0.23331, 0.90609
 0.23331, 0.90609, 0.23511, 0.90713
 0.23511, 0.90713, 0.23899, 0.90817
 0.23899, 0.90817, 0.24301, 0.90817
 0.24301, 0.90817, 0.24689, 0.90713
 0.24689, 0.90713, 0.24894, 0.90594
 0.24894, 0.90594, 0.25036, 0.90512
 0.25036, 0.90512, 0.25036, 0.90512
 0.25036, 0.90512, 0.25041, 0.90508
 0.25041, 0.90508, 0.25320, 0.90228
 0.25320, 0.90228, 0.25521, 0.89880
 0.25521, 0.89880, 0.25575, 0.89679
 0.22083, 0.89361, 0.21925, 0.89203
 0.21925, 0.89203, 0.21925, 0.88979
 0.21925, 0.88979, 0.21979, 0.89180
 0.21979, 0.89180, 0.22083, 0.89361
 0.23109, 0.95831, 0.23460, 0.96182
 0.23460, 0.96182, 0.23460, 0.96182
 0.23460, 0.96182, 0.23818, 0.96540
 0.23818, 0.96540, 0.24257, 0.96794
 0.24257, 0.96794, 0.24747, 0.96925
 0.24747, 0.96925, 0.26817, 0.96925
 0.26817, 0.96925, 0.25667, 0.98075
 0.25667, 0.98075, 0.22179, 0.98075
 0.22179, 0.98075, 0.22380, 0.98021
 0.22380, 0.98021, 0.22728, 0.97820
 0.22728, 0.97820, 0.23012, 0.97536
 0.23012, 0.97536, 0.23213, 0.97189
 0.23213, 0.97189, 0.23317, 0.96801
 0.23317, 0.96801, 0.23317, 0.96399
 0.23317, 0.96399, 0.23213, 0.96011
 0.23213, 0.96011, 0.23109, 0.95831
 0.21021, 0.98075, 0.20797, 0.98075
 0.20797, 0.98075, 0.20639, 0.97917
 0.20639, 0.97917, 0.20820, 0.98021
 0.20820, 0.98021, 0.21021, 0.98075
 0.17083, 0.94361, 0.16925, 0.94203
 0.16925, 0.94203, 0.16925, 0.93979
 0.16925, 0.93979, 0.16979, 0.94180
 0.16979, 0.94180, 0.17083, 0.94361
 0.11925, 0.98979, 0.11979, 0.99180
 0.11979, 0.99180, 0.12083, 0.99361
 0.12083, 0.99361, 0.11925, 0.99203
 0.11925, 0.99203, 0.11925, 0.98979
 0.25443, 1.01925, 0.25667, 1.01925
 0.25667, 1.01925, 0.25825, 1.02083
 0.25825, 1.02083, 0.25645, 1.01979
 0.25645, 1.01979, 0.25443, 1.01925
 0.27973, 1.04231, 0.28167, 1.04425
 0.28167, 1.04425, 0.31833, 1.04425
 0.31833, 1.04425, 0.33075, 1.03183
 0.33075, 1.03183, 0.33075, 1.05253
 0.33075, 1.05253, 0.33206, 1.05743
 0.33206, 1.05743, 0.33460, 1.06182
 0.33460, 1.06182, 0.33818, 1.06540
 0.33818, 1.06540, 0.33818, 1.06540
 0.33818, 1.06540, 0.35575, 1.08297
 0.35575, 1.08297, 0.35575, 1.11833
 0.35575, 1.11833, 0.35769, 1.12027
 0.35769, 1.12027, 0.35589, 1.11923
 0.35589, 1.11923, 0.35201, 1.11819
 0.35201, 1.11819, 0.34799, 1.11819
 0.34799, 1.11819, 0.34411, 1.11923
 0.34411, 1.11923, 0.34206, 1.12041
 0.34206, 1.12041, 0.34064, 1.12124
 0.34064, 1.12124, 0.34064, 1.12124
 0.34064, 1.12124, 0.34033, 1.12154
 0.34033, 1.12154, 0.33780, 1.12407
 0.33780, 1.12407, 0.33780, 1.12407
 0.33780, 1.12407, 0.33563, 1.12624
 0.33563, 1.12624, 0.33785, 1.12319
 0.33785, 1.12319, 0.34101, 1.11699
 0.34101, 1.11699, 0.34316, 1.11036
 0.34316, 1.11036, 0.34425, 1.10348
 0.34425, 1.10348, 0.34425, 1.09652
 0.34425, 1.09652, 0.34316, 1.08964
 0.34316, 1.08964, 0.34101, 1.08301
 0.34101, 1.08301, 0.33785, 1.07681
 0.33785, 1.07681, 0.33375, 1.07117
 0.33375, 1.07117, 0.32883, 1.06625
 0.32883, 1.06625, 0.32319, 1.06215
 0.32319, 1.06215, 0.31699, 1.05899
 0.31699, 1.05899, 0.31036, 1.05684
 0.31036, 1.05684, 0.30348, 1.05575
 0.30348, 1.05575, 0.29652, 1.05575
 0.29652, 1.05575, 0.28964, 1.05684
 0.28964, 1.05684, 0.28301, 1.05899
 0.28301, 1.05899, 0.27681, 1.06215
 0.27681, 1.06215, 0.27376, 1.06437
 0.27376, 1.06437, 0.27593, 1.06220
 0.27593, 1.06220, 0.27876, 1.05936
 0.27876, 1.05936, 0.28077, 1.05589
 0.28077, 1.05589, 0.28181, 1.05201
 0.28181, 1.05201, 0.28181, 1.04799
 0.28181, 1.04799, 0.28077, 1.04411
 0.28077, 1.04411, 0.27973, 1.04231
 0.26437, 1.07376, 0.26215, 1.07681
 0.26215, 1.07681, 0.26015, 1.08075
 0.26015, 1.08075, 0.25443, 1.08075
 0.25443, 1.08075, 0.25645, 1.08021
 0.25645, 1.08021, 0.25993, 1.07820
 0.25993, 1.07820, 0.26437, 1.07376
 0.26015, 1.11925, 0.26215, 1.12319
 0.26215, 1.12319, 0.26437, 1.12624
 0.26437, 1.12624, 0.26276, 1.12464
 0.26276, 1.12464, 0.26276, 1.12464
 0.26276, 1.12464, 0.25993, 1.12180
 0.25993, 1.12180, 0.25985, 1.12175
 0.25985, 1.12175, 0.25645, 1.11979
 0.25645, 1.11979, 0.25443, 1.11925
 0.25443, 1.11925, 0.26015, 1.11925
 0.27376, 1.13563, 0.27650, 1.13762
 0.27650, 1.13762, 0.27522, 1.13709
 0.27522, 1.13709, 0.27376, 1.13563
 0.29002, 1.14322, 0.29336, 1.14375
 0.29336, 1.14375, 0.29130, 1.14375
 0.29130, 1.14375, 0.29002, 1.14322
 0.30664, 1.14375, 0.30998, 1.14322
 0.30998, 1.14322, 0.30870, 1.14375
 0.30870, 1.14375, 0.30664, 1.14375
 0.32350, 1.13762, 0.32624, 1.13563
 0.32624, 1.13563, 0.32478, 1.13709
 0.32478, 1.13709, 0.32350, 1.13762
 0.36925, 1.04203, 0.36925, 1.03183
 0.36925, 1.03183, 0.38167, 1.04425
 0.38167, 1.04425, 0.41833, 1.04425
 0.41833, 1.04425, 0.42027, 1.04231
 0.42027, 1.04231, 0.41923, 1.04411
 0.41923, 1.04411, 0.41819, 1.04799
 0.41819, 1.04799, 0.41819, 1.05201
 0.41819, 1.05201, 0.41923, 1.05589
 0.41923, 1.05589, 0.42027, 1.05769
 0.42027, 1.05769, 0.41833, 1.05575
 0.41833, 1.05575, 0.38297, 1.05575
 0.38297, 1.05575, 0.36925, 1.04203
 0.36925, 0.96817, 0.36925, 0.94747
 0.36925, 0.94747, 0.36794, 0.94257
 0.36794, 0.94257, 0.36540, 0.93818
 0.36540, 0.93818, 0.36182, 0.93460
 0.36182, 0.93460, 0.35743, 0.93206
 0.35743, 0.93206, 0.35253, 0.93075
 0.35253, 0.93075, 0.33183, 0.93075
 0.33183, 0.93075, 0.34425, 0.91833
 0.34425, 0.91833, 0.34425, 0.88167
 0.34425, 0.88167, 0.34231, 0.87973
 0.34231, 0.87973, 0.34411, 0.88077
 0.34411, 0.88077, 0.34799, 0.88181
 0.34799, 0.88181, 0.35201, 0.88181
 0.35201, 0.88181, 0.35589, 0.88077
 0.35589, 0.88077, 0.35769, 0.87973
 0.35769, 0.87973, 0.35575, 0.88167
 0.35575, 0.88167, 0.35575, 0.91833
 0.35575, 0.91833, 0.38167, 0.94425
 0.38167, 0.94425, 0.41833, 0.94425
 0.41833, 0.94425, 0.44425, 0.91833
 0.44425, 0.91833, 0.44425, 0.89679
 0.44425, 0.89679, 0.44479, 0.89880
 0.44479, 0.89880, 0.44680, 0.90228
 0.44680, 0.90228, 0.44964, 0.90512
 0.44964, 0.90512, 0.45311, 0.90713
 0.45311, 0.90713, 0.45699, 0.90817
 0.45699, 0.90817, 0.46101, 0.90817
 0.46101, 0.90817, 0.46489, 0.90713
 0.46489, 0.90713, 0.46669, 0.90609
 0.46669, 0.90609, 0.41703, 0.95575
 0.41703, 0.95575, 0.38167, 0.95575
 0.38167, 0.95575, 0.36925, 0.96817
 0.44425, 0.98297, 0.44583, 0.98139
 0.44583, 0.98139, 0.44479, 0.98320
 0.44479, 0.98320, 0.44425, 0.98521
 0.44425, 0.98521, 0.44425, 0.98297
 0.47917, 0.89361, 0.48021, 0.89180
 0.48021, 0.89180, 0.48075, 0.88979
 0.48075, 0.88979, 0.48075, 0.89203
 0.48075, 0.89203, 0.47917, 0.89361
 0.42083, 0.85825, 0.41925, 0.85667
 0.41925, 0.85667, 0.41925, 0.85443
 0.41925, 0.85443, 0.41979, 0.85645
 0.41979, 0.85645, 0.42083, 0.85825
 0.38075, 0.85667, 0.37917, 0.85825
 0.37917, 0.85825, 0.38021, 0.85645
 0.38021, 0.85645, 0.38075, 0.85443
 0.38075, 0.85443, 0.38075, 0.85667
 0.21021, 1.08075, 0.20797, 1.08075
 0.20797, 1.08075, 0.20639, 1.07917
 0.20639, 1.07917, 0.20820, 1.08021
 0.20820, 1.08021, 0.21021, 1.08075
 0.16021, 0.31925, 0.15820, 0.31979
 0.15820, 0.31979, 0.15639, 0.32083
 0.15639, 0.32083, 0.15797, 0.31925
 0.15797, 0.31925, 0.16021, 0.31925
 0.45639, 0.22083, 0.45797, 0.21925
 0.45797, 0.21925, 0.46021, 0.21925
 0.46021, 0.21925, 0.45820, 0.21979
 0.45820, 0.21979, 0.45639, 0.22083
 0.48979, 0.21925, 0.49203, 0.21925
 0.49203, 0.21925, 0.49361, 0.22083
 0.49361, 0.22083, 0.49180, 0.21979
 0.49180, 0.21979, 0.48979, 0.21925
 0.52917, 0.25639, 0.53075, 0.25797
 0.53075, 0.25797, 0.53075, 0.26021
 0.53075, 0.26021, 0.53021, 0.25820
 0.53021, 0.25820, 0.52917, 0.25639
 0.53075, 0.43979, 0.53075, 0.44203
 0.53075, 0.44203, 0.52917, 0.44361
 0.52917, 0.44361, 0.53019, 0.44185
 0.53019, 0.44185, 0.53021, 0.44180
 0.53021, 0.44180, 0.53075, 0.43979
 0.52083, 0.50639, 0.51979, 0.50820
 0.51979, 0.50820, 0.51925, 0.51021
 0.51925, 0.51021, 0.51925, 0.50797
 0.51925, 0.50797, 0.52083, 0.50639
# pass=3
# preview window width=800 height=600
 0.03380, 0.03757, 0.03113, 0.04218
 0.03113, 0.04218, 0.02975, 0.04733
 0.02975, 0.04733, 0.02975, 1.33634
 0.02975, 1.33634, 0.02975, 1.34167
 0.02975, 1.34167, 0.03113, 1.34682
 0.03113, 1.34682, 0.03380, 1.35144
 0.03380, 1.35144, 0.03757, 1.35521
 0.03757, 1.35521, 0.04218, 1.35788
 0.04218, 1.35788, 0.04733, 1.35926
 0.04733, 1.35926, 0.65267, 1.35926
 0.65267, 1.35926, 0.65782, 1.35788
 0.65782, 1.35788, 0.66243, 1.35521
 0.66243, 1.35521, 0.66620, 1.35144
 0.66620, 1.35144, 0.66887, 1.34682
 0.66887, 1.34682, 0.67025, 1.34167
 0.67025, 1.34167, 0.67025, 0.04733
 0.67025, 0.04733, 0.66887, 0.04218
 0.66887, 0.04218, 0.66620, 0.03757
 0.66620, 0.03757, 0.66243, 0.03380
 0.66243, 0.03380, 0.65782, 0.03113
 0.65782, 0.03113, 0.65267, 0.02975
 0.65267, 0.02975, 0.04733, 0.02975
 0.04733, 0.02975, 0.04218, 0.03113
 0.04218, 0.03113, 0.03757, 0.03380
 0.03757, 0.03380, 0.03380, 0.03757
 0.12425, 0.38567, 0.12618, 0.38679
 0.12618, 0.38679, 0.12914, 0.38758
 0.12914, 0.38758, 0.12851, 0.38851
 0.12851, 0.38851, 0.12668, 0.39293
 0.12668, 0.39293, 0.12575, 0.39761
 0.12575, 0.39761, 0.12575, 0.95239
 0.12575, 0.95239, 0.12668, 0.95707
 0.12668, 0.95707, 0.12851, 0.96149
 0.12851, 0.96149, 0.12914, 0.96242
 0.12914, 0.96242, 0.12618, 0.96321
 0.12618, 0.96321, 0.12425, 0.96433
 0.12425, 0.96433, 0.12425, 0.38567
 0.19666, 0.38764, 0.20075, 0.38354
 0.20075, 0.38354, 0.20075, 0.38933
 0.20075, 0.38933, 0.19882, 0.38821
 0.19882, 0.38821, 0.19882, 0.38821
 0.19882, 0.38821, 0.19882, 0.38821
 0.19882, 0.38821, 0.19666, 0.38764
 0.19761, 0.32575, 0.19293, 0.32668
 0.19293, 0.32668, 0.18851, 0.32851
 0.18851, 0.32851, 0.18758, 0.32914
 0.18758, 0.32914, 0.18679, 0.32618
 0.18679, 0.32618, 0.18567, 0.32425
 0.18567, 0.32425, 0.20708, 0.32425
 0.20708, 0.32425, 0.20785, 0.32575
 0.20785, 0.32575, 0.19761, 0.32575
 0.29444, 0.32127, 0.29564, 0.31891
 0.29564, 0.31891, 0.29804, 0.31153
 0.29804, 0.31153, 0.29925, 0.30388
 0.29925, 0.30388, 0.29925, 0.29612
 0.29925, 0.29612, 0.29804, 0.28847
 0.29804, 0.28847, 0.29750, 0.28681
 0.29750, 0.28681, 0.30075, 0.28681
 0.30075, 0.28681, 0.30075, 0.31496
 0.30075, 0.31496, 0.29444, 0.32127
 0.29390, 0.37425, 0.30239, 0.37425
 0.30239, 0.37425, 0.30702, 0.37333
 0.30702, 0.37333, 0.30075, 0.37960
 0.30075, 0.37960, 0.30075, 0.41319
 0.30075, 0.41319, 0.29925, 0.41319
 0.29925, 0.41319, 0.29925, 0.37960
 0.29925, 0.37960, 0.29390, 0.37425
 0.33354, 0.35075, 0.33504, 0.34925
 0.33504, 0.34925, 0.36646, 0.34925
 0.36646, 0.34925, 0.36496, 0.35075
 0.36496, 0.35075, 0.33354, 0.35075
 0.42425, 0.44390, 0.42575, 0.44540
 0.42575, 0.44540, 0.42575, 0.61433
 0.42575, 0.61433, 0.42382, 0.61321
 0.42382, 0.61321, 0.42086, 0.61242
 0.42086, 0.61242, 0.42149, 0.61149
 0.42149, 0.61149, 0.42332, 0.60707
 0.42332, 0.60707, 0.42425, 0.60239
 0.42425, 0.60239, 0.42425, 0.44390
 0.47425, 0.48567, 0.47618, 0.48679
 0.47618, 0.48679, 0.47914, 0.48758
 0.47914, 0.48758, 0.47851, 0.48851
 0.47851, 0.48851, 0.47668, 0.49293
 0.47668, 0.49293, 0.47575, 0.49761
 0.47575, 0.49761, 0.47575, 0.66433
 0.47575, 0.66433, 0.47382, 0.66321
 0.47382, 0.66321, 0.47086, 0.66242
 0.47086, 0.66242, 0.47149, 0.66149
 0.47149, 0.66149, 0.47332, 0.65707
 0.47332, 0.65707, 0.47425, 0.65239
 0.47425, 0.65239, 0.47425, 0.48567
 0.43933, 0.25075, 0.43354, 0.25075
 0.43354, 0.25075, 0.43764, 0.24666
 0.43764, 0.24666, 0.43821, 0.24882
 0.43821, 0.24882, 0.43821, 0.24882
 0.43821, 0.24882, 0.43821, 0.24882
 0.43821, 0.24882, 0.43933, 0.25075
 0.17914, 0.43758, 0.17851, 0.43851
 0.17851, 0.43851, 0.17668, 0.44293
 0.17668, 0.44293, 0.17575, 0.44761
 0.17575, 0.44761, 0.17575, 0.90239
 0.17575, 0.90239, 0.17668, 0.90707
 0.17668, 0.90707, 0.17851, 0.91149
 0.17851, 0.91149, 0.17914, 0.91242
 0.17914, 0.91242, 0.17618, 0.91321
 0.17618, 0.91321, 0.17425, 0.91433
 0.17425, 0.91433, 0.17425, 0.43567
 0.17425, 0.43567, 0.17618, 0.43679
 0.17618, 0.43679, 0.17618, 0.43679
 0.17618, 0.43679, 0.17618, 0.43679
 0.17618, 0.43679, 0.17840, 0.43738
 0.17840, 0.43738, 0.17914, 0.43758
 0.24666, 0.91236, 0.24882, 0.91179
 0.24882, 0.91179, 0.24882, 0.91179
 0.24882, 0.91179, 0.24882, 0.91179
 0.24882, 0.91179, 0.25075, 0.91067
 0.25075, 0.91067, 0.25075, 0.91646
 0.25075, 0.91646, 0.24666, 0.91236
 0.24761, 0.97425, 0.25610, 0.97425
 0.25610, 0.97425, 0.25460, 0.97575
 0.25460, 0.97575, 0.23567, 0.97575
 0.23567, 0.97575, 0.23679, 0.97382
 0.23679, 0.97382, 0.23758, 0.97086
 0.23758, 0.97086, 0.23851, 0.97149
 0.23851, 0.97149, 0.24293, 0.97332
 0.24293, 0.97332, 0.24761, 0.97425
 0.28681, 1.04925, 0.32040, 1.04925
 0.32040, 1.04925, 0.32575, 1.04390
 0.32575, 1.04390, 0.32575, 1.05239
 0.32575, 1.05239, 0.32668, 1.05707
 0.32668, 1.05707, 0.32753, 1.05913
 0.32753, 1.05913, 0.32581, 1.05788
 0.32581, 1.05788, 0.31891, 1.05436
 0.31891, 1.05436, 0.31153, 1.05196
 0.31153, 1.05196, 0.30388, 1.05075
 0.30388, 1.05075, 0.29612, 1.05075
 0.29612, 1.05075, 0.28847, 1.05196
 0.28847, 1.05196, 0.28681, 1.05250
 0.28681, 1.05250, 0.28681, 1.04925
 0.34444, 1.07873, 0.35075, 1.08504
 0.35075, 1.08504, 0.35075, 1.11319
 0.35075, 1.11319, 0.34750, 1.11319
 0.34750, 1.11319, 0.34804, 1.11153
 0.34804, 1.11153, 0.34925, 1.10388
 0.34925, 1.10388, 0.34925, 1.09612
 0.34925, 1.09612, 0.34804, 1.08847
 0.34804, 1.08847, 0.34564, 1.08109
 0.34564, 1.08109, 0.34444, 1.07873
 0.38354, 1.04925, 0.41319, 1.04925
 0.41319, 1.04925, 0.41319, 1.05075
 0.41319, 1.05075, 0.38504, 1.05075
 0.38504, 1.05075, 0.38354, 1.04925
 0.37425, 0.95610, 0.37425, 0.94761
 0.37425, 0.94761, 0.37333, 0.94298
 0.37333, 0.94298, 0.37960, 0.94925
 0.37960, 0.94925, 0.41646, 0.94925
 0.41646, 0.94925, 0.41496, 0.95075
 0.41496, 0.95075, 0.37960, 0.95075
 0.37960, 0.95075, 0.37425, 0.95610
 0.35702, 0.92667, 0.35239, 0.92575
 0.35239, 0.92575, 0.34390, 0.92575
 0.34390, 0.92575, 0.34925, 0.92040
 0.34925, 0.92040, 0.34925, 0.88681
 0.34925, 0.88681, 0.35075, 0.88681
 0.35075, 0.88681, 0.35075, 0.92040
 0.35075, 0.92040, 0.35702, 0.92667
 0.44925, 0.91646, 0.44925, 0.91067
 0.44925, 0.91067, 0.45118, 0.91179
 0.45118, 0.91179, 0.45334, 0.91236
 0.45334, 0.91236, 0.44925, 0.91646
# pass=4
# preview window width=800 height=600
 0.03039, 0.03390, 0.02762, 0.03804
 0.02762, 0.03804, 0.02572, 0.04263
 0.02572, 0.04263, 0.02475, 0.04751
 0.02475, 0.04751, 0.02475, 1.33652
 0.02475, 1.33652, 0.02475, 1.34149
 0.02475, 1.34149, 0.02572, 1.34637
 0.02572, 1.34637, 0.02762, 1.35097
 0.02762, 1.35097, 0.03039, 1.35510
 0.03039, 1.35510, 0.03390, 1.35862
 0.03390, 1.35862, 0.03804, 1.36138
 0.03804, 1.36138, 0.04263, 1.36329
 0.04263, 1.36329, 0.04291, 1.36334
 0.04291, 1.36334, 0.04751, 1.36426
 0.04751, 1.36426, 0.65249, 1.36426
 0.65249, 1.36426, 0.65737, 1.36329
 0.65737, 1.36329, 0.66196, 1.36138
 0.66196, 1.36138, 0.66610, 1.35862
 0.66610, 1.35862, 0.66961, 1.35510
 0.66961, 1.35510, 0.67238, 1.35097
 0.67238, 1.35097, 0.67428, 1.34637
 0.67428, 1.34637, 0.67525, 1.34149
 0.67525, 1.34149, 0.67525, 1.33652
 0.67525, 1.33652, 0.67525, 0.05249
 0.67525, 0.05249, 0.67525, 0.04751
 0.67525, 0.04751, 0.67428, 0.04263
 0.67428, 0.04263, 0.67238, 0.03804
 0.67238, 0.03804, 0.66961, 0.03390
 0.66961, 0.03390, 0.66610, 0.03039
 0.66610, 0.03039, 0.66196, 0.02762
 0.66196, 0.02762, 0.65737, 0.02572
 0.65737, 0.02572, 0.65249, 0.02475
 0.65249, 0.02475, 0.04751, 0.02475
 0.04751, 0.02475, 0.04263, 0.02572
 0.04263, 0.02572, 0.03804, 0.02762
 0.03804, 0.02762, 0.03390, 0.03039
 0.03390, 0.03039, 0.03039, 0.03390
# pass=5
# preview window width=800 height=600
 0.02650, 0.03072, 0.02319, 0.03567
 0.02319, 0.03567, 0.02091, 0.04118
 0.02091, 0.04118, 0.01975, 0.04702
 0.01975, 0.04702, 0.01975, 1.33603
 0.01975, 1.33603, 0.01975, 1.34199
 0.01975, 1.34199, 0.02091, 1.34783
 0.02091, 1.34783, 0.02319, 1.35334
 0.02319, 1.35334, 0.02650, 1.35829
 0.02650, 1.35829, 0.03072, 1.36250
 0.03072, 1.36250, 0.03567, 1.36581
 0.03567, 1.36581, 0.04118, 1.36810
 0.04118, 1.36810, 0.04702, 1.36926
 0.04702, 1.36926, 0.65298, 1.36926
 0.65298, 1.36926, 0.65882, 1.36810
 0.65882, 1.36810, 0.66433, 1.36581
 0.66433, 1.36581, 0.66928, 1.36250
 0.66928, 1.36250, 0.67350, 1.35829
 0.67350, 1.35829, 0.67681, 1.35334
 0.67681, 1.35334, 0.67909, 1.34783
 0.67909, 1.34783, 0.68025, 1.34199
 0.68025, 1.34199, 0.68025, 1.33603
 0.68025, 1.33603, 0.68025, 0.05298
 0.68025, 0.05298, 0.68025, 0.04702
 0.68025, 0.04702, 0.67909, 0.04118
 0.67909, 0.04118, 0.67681, 0.03567
 0.67681, 0.03567, 0.67350, 0.03072
 0.67350, 0.03072, 0.66928, 0.02650
 0.66928, 0.02650, 0.66433, 0.02319
 0.66433, 0.02319, 0.65882, 0.02091
 0.65882, 0.02091, 0.65298, 0.01975
 0.65298, 0.01975, 0.04702, 0.01975
 0.04702, 0.01975, 0.04118, 0.02091
 0.04118, 0.02091, 0.03567, 0.02319
 0.03567, 0.02319, 0.03072, 0.02650
 0.03072, 0.02650, 0.02650, 0.03072
# spot drills
 0.23000, 0.28000, 0.27000, 0.32000
 0.23000, 0.32000, 0.27000, 0.28000
 0.23000, 0.38000, 0.27000, 0.42000
 0.23000, 0.42000, 0.27000, 0.38000
 0.33000, 0.28000, 0.37000, 0.32000
 0.33000, 0.32000, 0.37000, 0.28000
 0.33000, 0.38000, 0.37000, 0.42000
 0.33000, 0.42000, 0.37000, 0.38000
 0.43000, 0.28000, 0.47000, 0.32000
 0.43000, 0.32000, 0.47000, 0.28000
 0.43000, 0.38000, 0.47000, 0.42000
 0.43000, 0.42000, 0.47000, 0.38000
 0.28000, 1.08000, 0.32000, 1.12000
 0.28000, 1.12000, 0.32000, 1.08000
 0.38000, 1.08000, 0.42000, 1.12000
 0.38000, 1.12000, 0.42000, 1.08000
 0.28000, 0.98000, 0.32000, 1.02000
 0.28000, 1.02000, 0.32000, 0.98000
 0.38000, 0.98000, 0.42000, 1.02000
 0.38000, 1.02000, 0.42000, 0.98000
 0.28000, 0.88000, 0.32000, 0.92000
 0.28000, 0.92000, 0.32000, 0.88000
 0.38000, 0.88000, 0.42000, 0.92000
 0.38000, 0.92000, 0.42000, 0.88000
