# board=.../SMM Test Jig/CPLD_probe.top.etch.tap
# tool size=0.002500
# pass=1
# preview window width=800 height=600
 0.04180, 0.04371, 0.04045, 0.04604
 0.04045, 0.04604, 0.03975, 0.04865
 0.03975, 0.04865, 0.03975, 1.54036
 0.03975, 1.54036, 0.04045, 1.54296
 0.04045, 1.54296, 0.04180, 1.54530
 0.04180, 1.54530, 0.04371, 1.54721
 0.04371, 1.54721, 0.04604, 1.54856
 0.04604, 1.54856, 0.04865, 1.54926
 0.04865, 1.54926, 0.90135, 1.54926
 0.90135, 1.54926, 0.90396, 1.54856
 0.90396, 1.54856, 0.90629, 1.54721
 0.90629, 1.54721, 0.90820, 1.54530
 0.90820, 1.54530, 0.90955, 1.54296
 0.90955, 1.54296, 0.91025, 1.54036
 0.91025, 1.54036, 0.91025, 0.05135
 0.91025, 0.05135, 0.91025, 0.04865
 0.91025, 0.04865, 0.90955, 0.04604
 0.90955, 0.04604, 0.90820, 0.04371
 0.90820, 0.04371, 0.90629, 0.04180
 0.90629, 0.04180, 0.90396, 0.04045
 0.90396, 0.04045, 0.90135, 0.03975
 0.90135, 0.03975, 0.04865, 0.03975
 0.04865, 0.03975, 0.04604, 0.04045
 0.04604, 0.04045, 0.04371, 0.04180
 0.04371, 0.04180, 0.04180, 0.04371
 0.17635, 0.36461, 0.19170, 0.35825
 0.19170, 0.35825, 0.20830, 0.35825
 0.20830, 0.35825, 0.22365, 0.36461
 0.22365, 0.36461, 0.23539, 0.37635
 0.23539, 0.37635, 0.23827, 0.38330
 0.23827, 0.38330, 0.23845, 0.38396
 0.23845, 0.38396, 0.23879, 0.38454
 0.23879, 0.38454, 0.23905, 0.38517
 0.23905, 0.38517, 0.23946, 0.38571
 0.23946, 0.38571, 0.23980, 0.38629
 0.23980, 0.38629, 0.24028, 0.38677
 0.24028, 0.38677, 0.24069, 0.38731
 0.24069, 0.38731, 0.24123, 0.38772
 0.24123, 0.38772, 0.24171, 0.38820
 0.24171, 0.38820, 0.24229, 0.38854
 0.24229, 0.38854, 0.24283, 0.38895
 0.24283, 0.38895, 0.24346, 0.38921
 0.24346, 0.38921, 0.24404, 0.38955
 0.24404, 0.38955, 0.24470, 0.38973
 0.24470, 0.38973, 0.24532, 0.38999
 0.24532, 0.38999, 0.24600, 0.39007
 0.24600, 0.39007, 0.24665, 0.39025
 0.24665, 0.39025, 0.24733, 0.39025
 0.24733, 0.39025, 0.24800, 0.39034
 0.24800, 0.39034, 0.24867, 0.39025
 0.24867, 0.39025, 0.24935, 0.39025
 0.24935, 0.39025, 0.25000, 0.39007
 0.25000, 0.39007, 0.25068, 0.38999
 0.25068, 0.38999, 0.25130, 0.38973
 0.25130, 0.38973, 0.25196, 0.38955
 0.25196, 0.38955, 0.25254, 0.38921
 0.25254, 0.38921, 0.25317, 0.38895
 0.25317, 0.38895, 0.25371, 0.38854
 0.25371, 0.38854, 0.25429, 0.38820
 0.25429, 0.38820, 0.25477, 0.38772
 0.25477, 0.38772, 0.25531, 0.38731
 0.25531, 0.38731, 0.25572, 0.38677
 0.25572, 0.38677, 0.25620, 0.38629
 0.25620, 0.38629, 0.25654, 0.38571
 0.25654, 0.38571, 0.25695, 0.38517
 0.25695, 0.38517, 0.25721, 0.38454
 0.25721, 0.38454, 0.25755, 0.38396
 0.25755, 0.38396, 0.25773, 0.38330
 0.25773, 0.38330, 0.25778, 0.38318
 0.25778, 0.38318, 0.28271, 0.35825
 0.28271, 0.35825, 0.31092, 0.35825
 0.31092, 0.35825, 0.31353, 0.35755
 0.31353, 0.35755, 0.31587, 0.35620
 0.31587, 0.35620, 0.38086, 0.29121
 0.38086, 0.29121, 0.38881, 0.28326
 0.38881, 0.28326, 0.39607, 0.28025
 0.39607, 0.28025, 0.50393, 0.28025
 0.50393, 0.28025, 0.51119, 0.28326
 0.51119, 0.28326, 0.70879, 0.48086
 0.70879, 0.48086, 0.71674, 0.48881
 0.71674, 0.48881, 0.71975, 0.49607
 0.71975, 0.49607, 0.71975, 1.25393
 0.71975, 1.25393, 0.71674, 1.26119
 0.71674, 1.26119, 0.71119, 1.26674
 0.71119, 1.26674, 0.70393, 1.26975
 0.70393, 1.26975, 0.65065, 1.26975
 0.65065, 1.26975, 0.64804, 1.27045
 0.64804, 1.27045, 0.64571, 1.27180
 0.64571, 1.27180, 0.64380, 1.27371
 0.64380, 1.27371, 0.64245, 1.27604
 0.64245, 1.27604, 0.64175, 1.27865
 0.64175, 1.27865, 0.64175, 1.31729
 0.64175, 1.31729, 0.62180, 1.33725
 0.62180, 1.33725, 0.62045, 1.33958
 0.62045, 1.33958, 0.61975, 1.34219
 0.61975, 1.34219, 0.61975, 1.40393
 0.61975, 1.40393, 0.61674, 1.41119
 0.61674, 1.41119, 0.61119, 1.41674
 0.61119, 1.41674, 0.60393, 1.41975
 0.60393, 1.41975, 0.34607, 1.41975
 0.34607, 1.41975, 0.33881, 1.41674
 0.33881, 1.41674, 0.33277, 1.41070
 0.33277, 1.41070, 0.18326, 1.26119
 0.18326, 1.26119, 0.18025, 1.25393
 0.18025, 1.25393, 0.18025, 0.54219
 0.18025, 0.54219, 0.17955, 0.53958
 0.17955, 0.53958, 0.17820, 0.53725
 0.17820, 0.53725, 0.15825, 0.51729
 0.15825, 0.51729, 0.15825, 0.48271
 0.15825, 0.48271, 0.18318, 0.45778
 0.18318, 0.45778, 0.18330, 0.45773
 0.18330, 0.45773, 0.18396, 0.45755
 0.18396, 0.45755, 0.18454, 0.45721
 0.18454, 0.45721, 0.18517, 0.45695
 0.18517, 0.45695, 0.18571, 0.45654
 0.18571, 0.45654, 0.18629, 0.45620
 0.18629, 0.45620, 0.18677, 0.45572
 0.18677, 0.45572, 0.18731, 0.45531
 0.18731, 0.45531, 0.18772, 0.45477
 0.18772, 0.45477, 0.18820, 0.45429
 0.18820, 0.45429, 0.18854, 0.45371
 0.18854, 0.45371, 0.18895, 0.45317
 0.18895, 0.45317, 0.18921, 0.45254
 0.18921, 0.45254, 0.18955, 0.45196
 0.18955, 0.45196, 0.18973, 0.45130
 0.18973, 0.45130, 0.18999, 0.45068
 0.18999, 0.45068, 0.19007, 0.45000
 0.19007, 0.45000, 0.19025, 0.44935
 0.19025, 0.44935, 0.19025, 0.44867
 0.19025, 0.44867, 0.19034, 0.44800
 0.19034, 0.44800, 0.19025, 0.44733
 0.19025, 0.44733, 0.19025, 0.44665
 0.19025, 0.44665, 0.19007, 0.44600
 0.19007, 0.44600, 0.18999, 0.44532
 0.18999, 0.44532, 0.18973, 0.44470
 0.18973, 0.44470, 0.18955, 0.44404
 0.18955, 0.44404, 0.18921, 0.44346
 0.18921, 0.44346, 0.18895, 0.44283
 0.18895, 0.44283, 0.18854, 0.44229
 0.18854, 0.44229, 0.18820, 0.44171
 0.18820, 0.44171, 0.18772, 0.44123
 0.18772, 0.44123, 0.18731, 0.44069
 0.18731, 0.44069, 0.18677, 0.44028
 0.18677, 0.44028, 0.18629, 0.43980
 0.18629, 0.43980, 0.18571, 0.43946
 0.18571, 0.43946, 0.18517, 0.43905
 0.18517, 0.43905, 0.18454, 0.43879
 0.18454, 0.43879, 0.18396, 0.43845
 0.18396, 0.43845, 0.18330, 0.43827
 0.18330, 0.43827, 0.17635, 0.43539
 0.17635, 0.43539, 0.16461, 0.42365
 0.16461, 0.42365, 0.15825, 0.40830
 0.15825, 0.40830, 0.15825, 0.39170
 0.15825, 0.39170, 0.16461, 0.37635
 0.16461, 0.37635, 0.17635, 0.36461
 0.17944, 0.37495, 0.17495, 0.37944
 0.17495, 0.37944, 0.17142, 0.38472
 0.17142, 0.38472, 0.16899, 0.39059
 0.16899, 0.39059, 0.16775, 0.39682
 0.16775, 0.39682, 0.16775, 0.40318
 0.16775, 0.40318, 0.16899, 0.40941
 0.16899, 0.40941, 0.17142, 0.41528
 0.17142, 0.41528, 0.17495, 0.42056
 0.17495, 0.42056, 0.17944, 0.42505
 0.17944, 0.42505, 0.18472, 0.42858
 0.18472, 0.42858, 0.19059, 0.43101
 0.19059, 0.43101, 0.19682, 0.43225
 0.19682, 0.43225, 0.20318, 0.43225
 0.20318, 0.43225, 0.20941, 0.43101
 0.20941, 0.43101, 0.21443, 0.42893
 0.21443, 0.42893, 0.23975, 0.45425
 0.23975, 0.45425, 0.23975, 1.20135
 0.23975, 1.20135, 0.24045, 1.20396
 0.24045, 1.20396, 0.24180, 1.20629
 0.24180, 1.20629, 0.34180, 1.30629
 0.34180, 1.30629, 0.34371, 1.30820
 0.34371, 1.30820, 0.34604, 1.30955
 0.34604, 1.30955, 0.34865, 1.31025
 0.34865, 1.31025, 0.46934, 1.31025
 0.46934, 1.31025, 0.47142, 1.31528
 0.47142, 1.31528, 0.47495, 1.32056
 0.47495, 1.32056, 0.47944, 1.32505
 0.47944, 1.32505, 0.48472, 1.32858
 0.48472, 1.32858, 0.49059, 1.33101
 0.49059, 1.33101, 0.49682, 1.33225
 0.49682, 1.33225, 0.50318, 1.33225
 0.50318, 1.33225, 0.50941, 1.33101
 0.50941, 1.33101, 0.51528, 1.32858
 0.51528, 1.32858, 0.52056, 1.32505
 0.52056, 1.32505, 0.52505, 1.32056
 0.52505, 1.32056, 0.52858, 1.31528
 0.52858, 1.31528, 0.53101, 1.30941
 0.53101, 1.30941, 0.53225, 1.30318
 0.53225, 1.30318, 0.53225, 1.29682
 0.53225, 1.29682, 0.53101, 1.29059
 0.53101, 1.29059, 0.52858, 1.28472
 0.52858, 1.28472, 0.52505, 1.27944
 0.52505, 1.27944, 0.52056, 1.27495
 0.52056, 1.27495, 0.51528, 1.27142
 0.51528, 1.27142, 0.50941, 1.26899
 0.50941, 1.26899, 0.50318, 1.26775
 0.50318, 1.26775, 0.49682, 1.26775
 0.49682, 1.26775, 0.49059, 1.26899
 0.49059, 1.26899, 0.48472, 1.27142
 0.48472, 1.27142, 0.47944, 1.27495
 0.47944, 1.27495, 0.47495, 1.27944
 0.47495, 1.27944, 0.47142, 1.28472
 0.47142, 1.28472, 0.46934, 1.28975
 0.46934, 1.28975, 0.35425, 1.28975
 0.35425, 1.28975, 0.26025, 1.19575
 0.26025, 1.19575, 0.26025, 0.44865
 0.26025, 0.44865, 0.25955, 0.44604
 0.25955, 0.44604, 0.25820, 0.44371
 0.25820, 0.44371, 0.25629, 0.44180
 0.25629, 0.44180, 0.22893, 0.41443
 0.22893, 0.41443, 0.23101, 0.40941
 0.23101, 0.40941, 0.23225, 0.40318
 0.23225, 0.40318, 0.23225, 0.39682
 0.23225, 0.39682, 0.23101, 0.39059
 0.23101, 0.39059, 0.22858, 0.38472
 0.22858, 0.38472, 0.22505, 0.37944
 0.22505, 0.37944, 0.22056, 0.37495
 0.22056, 0.37495, 0.21528, 0.37142
 0.21528, 0.37142, 0.20941, 0.36899
 0.20941, 0.36899, 0.20318, 0.36775
 0.20318, 0.36775, 0.19682, 0.36775
 0.19682, 0.36775, 0.19059, 0.36899
 0.19059, 0.36899, 0.18472, 0.37142
 0.18472, 0.37142, 0.17944, 0.37495
 0.26775, 0.38664, 0.26775, 0.41336
 0.26775, 0.41336, 0.28664, 0.43225
 0.28664, 0.43225, 0.31336, 0.43225
 0.31336, 0.43225, 0.33225, 0.41336
 0.33225, 0.41336, 0.33225, 0.38664
 0.33225, 0.38664, 0.33005, 0.38444
 0.33005, 0.38444, 0.40425, 0.31025
 0.40425, 0.31025, 0.49575, 0.31025
 0.49575, 0.31025, 0.68975, 0.50425
 0.68975, 0.50425, 0.68975, 1.23975
 0.68975, 1.23975, 0.55425, 1.23975
 0.55425, 1.23975, 0.53005, 1.21556
 0.53005, 1.21556, 0.53225, 1.21336
 0.53225, 1.21336, 0.53225, 1.18664
 0.53225, 1.18664, 0.51336, 1.16775
 0.51336, 1.16775, 0.48664, 1.16775
 0.48664, 1.16775, 0.46775, 1.18664
 0.46775, 1.18664, 0.46775, 1.21336
 0.46775, 1.21336, 0.48664, 1.23225
 0.48664, 1.23225, 0.51336, 1.23225
 0.51336, 1.23225, 0.51556, 1.23005
 0.51556, 1.23005, 0.54371, 1.25820
 0.54371, 1.25820, 0.54604, 1.25955
 0.54604, 1.25955, 0.54865, 1.26025
 0.54865, 1.26025, 0.70135, 1.26025
 0.70135, 1.26025, 0.70396, 1.25955
 0.70396, 1.25955, 0.70629, 1.25820
 0.70629, 1.25820, 0.70820, 1.25629
 0.70820, 1.25629, 0.70955, 1.25396
 0.70955, 1.25396, 0.71025, 1.25135
 0.71025, 1.25135, 0.71025, 0.49865
 0.71025, 0.49865, 0.70955, 0.49604
 0.70955, 0.49604, 0.70820, 0.49371
 0.70820, 0.49371, 0.70629, 0.49180
 0.70629, 0.49180, 0.50629, 0.29180
 0.50629, 0.29180, 0.50396, 0.29045
 0.50396, 0.29045, 0.50135, 0.28975
 0.50135, 0.28975, 0.39865, 0.28975
 0.39865, 0.28975, 0.39604, 0.29045
 0.39604, 0.29045, 0.39371, 0.29180
 0.39371, 0.29180, 0.39180, 0.29371
 0.39180, 0.29371, 0.31556, 0.36995
 0.31556, 0.36995, 0.31336, 0.36775
 0.31336, 0.36775, 0.28664, 0.36775
 0.28664, 0.36775, 0.26775, 0.38664
 0.36775, 0.38664, 0.36775, 0.41336
 0.36775, 0.41336, 0.36995, 0.41556
 0.36995, 0.41556, 0.34371, 0.44180
 0.34371, 0.44180, 0.34180, 0.44371
 0.34180, 0.44371, 0.34045, 0.44604
 0.34045, 0.44604, 0.33975, 0.44865
 0.33975, 0.44865, 0.33975, 0.55135
 0.33975, 0.55135, 0.34045, 0.55396
 0.34045, 0.55396, 0.34180, 0.55629
 0.34180, 0.55629, 0.48975, 0.70425
 0.48975, 0.70425, 0.48975, 1.06775
 0.48975, 1.06775, 0.48664, 1.06775
 0.48664, 1.06775, 0.46775, 1.08664
 0.46775, 1.08664, 0.46775, 1.11336
 0.46775, 1.11336, 0.48664, 1.13225
 0.48664, 1.13225, 0.51336, 1.13225
 0.51336, 1.13225, 0.53225, 1.11336
 0.53225, 1.11336, 0.53225, 1.08664
 0.53225, 1.08664, 0.51336, 1.06775
 0.51336, 1.06775, 0.51025, 1.06775
 0.51025, 1.06775, 0.51025, 0.69865
 0.51025, 0.69865, 0.50955, 0.69604
 0.50955, 0.69604, 0.50820, 0.69371
 0.50820, 0.69371, 0.50629, 0.69180
 0.50629, 0.69180, 0.36025, 0.54575
 0.36025, 0.54575, 0.36025, 0.45425
 0.36025, 0.45425, 0.38444, 0.43005
 0.38444, 0.43005, 0.38664, 0.43225
 0.38664, 0.43225, 0.41336, 0.43225
 0.41336, 0.43225, 0.43225, 0.41336
 0.43225, 0.41336, 0.43225, 0.38664
 0.43225, 0.38664, 0.41336, 0.36775
 0.41336, 0.36775, 0.38664, 0.36775
 0.38664, 0.36775, 0.36775, 0.38664
 0.38622, 0.35429, 0.38810, 0.35617
 0.38810, 0.35617, 0.38813, 0.35620
 0.38813, 0.35620, 0.39047, 0.35755
 0.39047, 0.35755, 0.39308, 0.35825
 0.39308, 0.35825, 0.41729, 0.35825
 0.41729, 0.35825, 0.44175, 0.38271
 0.44175, 0.38271, 0.44175, 0.41729
 0.44175, 0.41729, 0.41725, 0.44180
 0.41725, 0.44180, 0.41534, 0.44371
 0.41534, 0.44371, 0.41399, 0.44604
 0.41399, 0.44604, 0.41329, 0.44865
 0.41329, 0.44865, 0.41329, 0.45135
 0.41329, 0.45135, 0.41330, 0.45138
 0.41330, 0.45138, 0.41399, 0.45396
 0.41399, 0.45396, 0.41534, 0.45629
 0.41534, 0.45629, 0.41722, 0.45817
 0.41722, 0.45817, 0.43534, 0.47629
 0.43534, 0.47629, 0.43725, 0.47820
 0.43725, 0.47820, 0.43958, 0.47955
 0.43958, 0.47955, 0.44219, 0.48025
 0.44219, 0.48025, 0.50393, 0.48025
 0.50393, 0.48025, 0.51119, 0.48326
 0.51119, 0.48326, 0.51723, 0.48930
 0.51723, 0.48930, 0.61674, 0.58881
 0.61674, 0.58881, 0.61975, 0.59607
 0.61975, 0.59607, 0.61975, 1.05781
 0.61975, 1.05781, 0.62045, 1.06042
 0.62045, 1.06042, 0.62180, 1.06275
 0.62180, 1.06275, 0.64175, 1.08271
 0.64175, 1.08271, 0.64175, 1.11729
 0.64175, 1.11729, 0.61725, 1.14180
 0.61725, 1.14180, 0.61725, 1.14180
 0.61725, 1.14180, 0.61534, 1.14371
 0.61534, 1.14371, 0.61399, 1.14604
 0.61399, 1.14604, 0.61329, 1.14865
 0.61329, 1.14865, 0.61329, 1.15135
 0.61329, 1.15135, 0.61399, 1.15396
 0.61399, 1.15396, 0.61534, 1.15629
 0.61534, 1.15629, 0.64175, 1.18271
 0.64175, 1.18271, 0.64175, 1.22135
 0.64175, 1.22135, 0.64245, 1.22396
 0.64245, 1.22396, 0.64380, 1.22629
 0.64380, 1.22629, 0.64571, 1.22820
 0.64571, 1.22820, 0.64804, 1.22955
 0.64804, 1.22955, 0.65065, 1.23025
 0.65065, 1.23025, 0.67135, 1.23025
 0.67135, 1.23025, 0.67396, 1.22955
 0.67396, 1.22955, 0.67629, 1.22820
 0.67629, 1.22820, 0.67820, 1.22629
 0.67820, 1.22629, 0.67955, 1.22396
 0.67955, 1.22396, 0.68025, 1.22135
 0.68025, 1.22135, 0.68025, 0.51108
 0.68025, 0.51108, 0.67955, 0.50847
 0.67955, 0.50847, 0.67820, 0.50613
 0.67820, 0.50613, 0.49578, 0.32371
 0.49578, 0.32371, 0.49387, 0.32180
 0.49387, 0.32180, 0.49153, 0.32045
 0.49153, 0.32045, 0.48892, 0.31975
 0.48892, 0.31975, 0.41108, 0.31975
 0.41108, 0.31975, 0.40847, 0.32045
 0.40847, 0.32045, 0.40613, 0.32180
 0.40613, 0.32180, 0.38813, 0.33980
 0.38813, 0.33980, 0.38622, 0.34171
 0.38622, 0.34171, 0.38487, 0.34404
 0.38487, 0.34404, 0.38418, 0.34665
 0.38418, 0.34665, 0.38418, 0.34935
 0.38418, 0.34935, 0.38418, 0.34938
 0.38418, 0.34938, 0.38487, 0.35196
 0.38487, 0.35196, 0.38622, 0.35429
 0.38664, 0.46775, 0.36775, 0.48664
 0.36775, 0.48664, 0.36775, 0.51336
 0.36775, 0.51336, 0.38664, 0.53225
 0.38664, 0.53225, 0.41336, 0.53225
 0.41336, 0.53225, 0.43225, 0.51336
 0.43225, 0.51336, 0.43225, 0.51025
 0.43225, 0.51025, 0.49575, 0.51025
 0.49575, 0.51025, 0.58975, 0.60425
 0.58975, 0.60425, 0.58975, 1.06775
 0.58975, 1.06775, 0.58664, 1.06775
 0.58664, 1.06775, 0.56775, 1.08664
 0.56775, 1.08664, 0.56775, 1.11336
 0.56775, 1.11336, 0.58664, 1.13225
 0.58664, 1.13225, 0.61336, 1.13225
 0.61336, 1.13225, 0.63225, 1.11336
 0.63225, 1.11336, 0.63225, 1.08664
 0.63225, 1.08664, 0.61336, 1.06775
 0.61336, 1.06775, 0.61025, 1.06775
 0.61025, 1.06775, 0.61025, 0.59865
 0.61025, 0.59865, 0.60955, 0.59604
 0.60955, 0.59604, 0.60820, 0.59371
 0.60820, 0.59371, 0.50820, 0.49371
 0.50820, 0.49371, 0.50629, 0.49180
 0.50629, 0.49180, 0.50396, 0.49045
 0.50396, 0.49045, 0.50135, 0.48975
 0.50135, 0.48975, 0.43225, 0.48975
 0.43225, 0.48975, 0.43225, 0.48664
 0.43225, 0.48664, 0.41336, 0.46775
 0.41336, 0.46775, 0.38664, 0.46775
 0.31336, 0.46775, 0.28664, 0.46775
 0.28664, 0.46775, 0.26775, 0.48664
 0.26775, 0.48664, 0.26775, 0.51336
 0.26775, 0.51336, 0.28664, 0.53225
 0.28664, 0.53225, 0.28975, 0.53225
 0.28975, 0.53225, 0.28975, 1.15135
 0.28975, 1.15135, 0.29045, 1.15396
 0.29045, 1.15396, 0.29180, 1.15629
 0.29180, 1.15629, 0.29371, 1.15820
 0.29371, 1.15820, 0.29604, 1.15955
 0.29604, 1.15955, 0.29865, 1.16025
 0.29865, 1.16025, 0.54575, 1.16025
 0.54575, 1.16025, 0.56995, 1.18444
 0.56995, 1.18444, 0.56775, 1.18664
 0.56775, 1.18664, 0.56775, 1.21336
 0.56775, 1.21336, 0.58664, 1.23225
 0.58664, 1.23225, 0.61336, 1.23225
 0.61336, 1.23225, 0.63225, 1.21336
 0.63225, 1.21336, 0.63225, 1.18664
 0.63225, 1.18664, 0.61336, 1.16775
 0.61336, 1.16775, 0.58664, 1.16775
 0.58664, 1.16775, 0.58444, 1.16995
 0.58444, 1.16995, 0.55629, 1.14180
 0.55629, 1.14180, 0.55396, 1.14045
 0.55396, 1.14045, 0.55135, 1.13975
 0.55135, 1.13975, 0.31025, 1.13975
 0.31025, 1.13975, 0.31025, 0.53225
 0.31025, 0.53225, 0.31336, 0.53225
 0.31336, 0.53225, 0.33225, 0.51336
 0.33225, 0.51336, 0.33225, 0.48664
 0.33225, 0.48664, 0.31336, 0.46775
 0.23225, 0.48664, 0.21336, 0.46775
 0.21336, 0.46775, 0.18664, 0.46775
 0.18664, 0.46775, 0.16775, 0.48664
 0.16775, 0.48664, 0.16775, 0.51336
 0.16775, 0.51336, 0.18664, 0.53225
 0.18664, 0.53225, 0.18975, 0.53225
 0.18975, 0.53225, 0.18975, 1.25135
 0.18975, 1.25135, 0.19045, 1.25396
 0.19045, 1.25396, 0.19180, 1.25629
 0.19180, 1.25629, 0.34180, 1.40629
 0.34180, 1.40629, 0.34371, 1.40820
 0.34371, 1.40820, 0.34604, 1.40955
 0.34604, 1.40955, 0.34865, 1.41025
 0.34865, 1.41025, 0.60135, 1.41025
 0.60135, 1.41025, 0.60396, 1.40955
 0.60396, 1.40955, 0.60629, 1.40820
 0.60629, 1.40820, 0.60820, 1.40629
 0.60820, 1.40629, 0.60955, 1.40396
 0.60955, 1.40396, 0.61025, 1.40135
 0.61025, 1.40135, 0.61025, 1.33225
 0.61025, 1.33225, 0.61336, 1.33225
 0.61336, 1.33225, 0.63225, 1.31336
 0.63225, 1.31336, 0.63225, 1.28664
 0.63225, 1.28664, 0.61336, 1.26775
 0.61336, 1.26775, 0.58664, 1.26775
 0.58664, 1.26775, 0.56775, 1.28664
 0.56775, 1.28664, 0.56775, 1.31336
 0.56775, 1.31336, 0.58664, 1.33225
 0.58664, 1.33225, 0.58975, 1.33225
 0.58975, 1.33225, 0.58975, 1.38975
 0.58975, 1.38975, 0.35425, 1.38975
 0.35425, 1.38975, 0.21025, 1.24575
 0.21025, 1.24575, 0.21025, 0.53225
 0.21025, 0.53225, 0.21336, 0.53225
 0.21336, 0.53225, 0.23225, 0.51336
 0.23225, 0.51336, 0.23225, 0.48664
 0.32180, 0.56613, 0.32045, 0.56847
 0.32045, 0.56847, 0.31975, 0.57108
 0.31975, 0.57108, 0.31975, 1.12135
 0.31975, 1.12135, 0.32045, 1.12396
 0.32045, 1.12396, 0.32180, 1.12629
 0.32180, 1.12629, 0.32371, 1.12820
 0.32371, 1.12820, 0.32604, 1.12955
 0.32604, 1.12955, 0.32865, 1.13025
 0.32865, 1.13025, 0.44935, 1.13025
 0.44935, 1.13025, 0.45196, 1.12955
 0.45196, 1.12955, 0.45429, 1.12820
 0.45429, 1.12820, 0.45620, 1.12629
 0.45620, 1.12629, 0.45755, 1.12396
 0.45755, 1.12396, 0.45825, 1.12135
 0.45825, 1.12135, 0.45825, 1.11865
 0.45825, 1.11865, 0.45825, 1.11865
 0.45825, 1.11865, 0.45825, 1.08271
 0.45825, 1.08271, 0.47629, 1.06466
 0.47629, 1.06466, 0.47820, 1.06275
 0.47820, 1.06275, 0.47955, 1.06042
 0.47955, 1.06042, 0.48025, 1.05781
 0.48025, 1.05781, 0.48025, 0.71108
 0.48025, 0.71108, 0.47955, 0.70847
 0.47955, 0.70847, 0.47820, 0.70613
 0.47820, 0.70613, 0.33820, 0.56613
 0.33820, 0.56613, 0.33629, 0.56422
 0.33629, 0.56422, 0.33396, 0.56287
 0.33396, 0.56287, 0.33135, 0.56218
 0.33135, 0.56218, 0.32865, 0.56218
 0.32865, 0.56218, 0.32862, 0.56218
 0.32862, 0.56218, 0.32604, 0.56287
 0.32604, 0.56287, 0.32374, 0.56421
 0.32374, 0.56421, 0.32371, 0.56422
 0.32371, 0.56422, 0.32180, 0.56613
 0.38622, 0.55829, 0.50879, 0.68086
 0.50879, 0.68086, 0.51674, 0.68881
 0.51674, 0.68881, 0.51975, 0.69607
 0.51975, 0.69607, 0.51975, 1.05511
 0.51975, 1.05511, 0.51975, 1.05781
 0.51975, 1.05781, 0.52045, 1.06042
 0.52045, 1.06042, 0.52180, 1.06275
 0.52180, 1.06275, 0.54371, 1.08466
 0.54371, 1.08466, 0.54604, 1.08601
 0.54604, 1.08601, 0.54865, 1.08671
 0.54865, 1.08671, 0.55135, 1.08671
 0.55135, 1.08671, 0.55396, 1.08601
 0.55396, 1.08601, 0.55629, 1.08466
 0.55629, 1.08466, 0.55820, 1.08275
 0.55820, 1.08275, 0.55820, 1.08275
 0.55820, 1.08275, 0.57629, 1.06466
 0.57629, 1.06466, 0.57820, 1.06275
 0.57820, 1.06275, 0.57955, 1.06042
 0.57955, 1.06042, 0.58025, 1.05781
 0.58025, 1.05781, 0.58025, 0.61108
 0.58025, 0.61108, 0.57955, 0.60847
 0.57955, 0.60847, 0.57820, 0.60613
 0.57820, 0.60613, 0.49578, 0.52371
 0.49578, 0.52371, 0.49387, 0.52180
 0.49387, 0.52180, 0.49153, 0.52045
 0.49153, 0.52045, 0.48892, 0.51975
 0.48892, 0.51975, 0.44219, 0.51975
 0.44219, 0.51975, 0.43958, 0.52045
 0.43958, 0.52045, 0.43725, 0.52180
 0.43725, 0.52180, 0.41729, 0.54175
 0.41729, 0.54175, 0.39308, 0.54175
 0.39308, 0.54175, 0.39047, 0.54245
 0.39047, 0.54245, 0.38813, 0.54380
 0.38813, 0.54380, 0.38622, 0.54571
 0.38622, 0.54571, 0.38487, 0.54804
 0.38487, 0.54804, 0.38418, 0.55065
 0.38418, 0.55065, 0.38418, 0.55335
 0.38418, 0.55335, 0.38487, 0.55596
 0.38487, 0.55596, 0.38622, 0.55829
 0.66412, 0.35370, 0.64630, 0.33588
 0.64630, 0.33588, 0.63666, 0.31260
 0.63666, 0.31260, 0.63666, 0.28740
 0.63666, 0.28740, 0.64630, 0.26412
 0.64630, 0.26412, 0.66412, 0.24630
 0.66412, 0.24630, 0.68740, 0.23666
 0.68740, 0.23666, 0.71260, 0.23666
 0.71260, 0.23666, 0.73588, 0.24630
 0.73588, 0.24630, 0.75370, 0.26412
 0.75370, 0.26412, 0.76334, 0.28740
 0.76334, 0.28740, 0.76334, 0.31260
 0.76334, 0.31260, 0.75370, 0.33588
 0.75370, 0.33588, 0.73588, 0.35370
 0.73588, 0.35370, 0.71260, 0.36334
 0.71260, 0.36334, 0.68740, 0.36334
 0.68740, 0.36334, 0.66412, 0.35370
 0.55477, 1.27219, 0.55451, 1.27202
 0.55451, 1.27202, 0.55429, 1.27180
 0.55429, 1.27180, 0.55339, 1.27128
 0.55339, 1.27128, 0.55252, 1.27070
 0.55252, 1.27070, 0.55223, 1.27060
 0.55223, 1.27060, 0.55196, 1.27045
 0.55196, 1.27045, 0.55095, 1.27018
 0.55095, 1.27018, 0.54996, 1.26985
 0.54996, 1.26985, 0.54965, 1.26983
 0.54965, 1.26983, 0.54935, 1.26975
 0.54935, 1.26975, 0.54831, 1.26975
 0.54831, 1.26975, 0.54727, 1.26969
 0.54727, 1.26969, 0.54696, 1.26975
 0.54696, 1.26975, 0.54665, 1.26975
 0.54665, 1.26975, 0.54564, 1.27002
 0.54564, 1.27002, 0.54462, 1.27023
 0.54462, 1.27023, 0.54434, 1.27037
 0.54434, 1.27037, 0.54404, 1.27045
 0.54404, 1.27045, 0.54314, 1.27097
 0.54314, 1.27097, 0.54221, 1.27144
 0.54221, 1.27144, 0.54198, 1.27164
 0.54198, 1.27164, 0.54171, 1.27180
 0.54171, 1.27180, 0.54097, 1.27253
 0.54097, 1.27253, 0.54019, 1.27323
 0.54019, 1.27323, 0.54002, 1.27349
 0.54002, 1.27349, 0.53980, 1.27371
 0.53980, 1.27371, 0.53928, 1.27461
 0.53928, 1.27461, 0.53870, 1.27548
 0.53870, 1.27548, 0.53860, 1.27577
 0.53860, 1.27577, 0.53845, 1.27604
 0.53845, 1.27604, 0.53818, 1.27705
 0.53818, 1.27705, 0.53785, 1.27804
 0.53785, 1.27804, 0.53783, 1.27835
 0.53783, 1.27835, 0.53775, 1.27865
 0.53775, 1.27865, 0.53775, 1.27969
 0.53775, 1.27969, 0.53769, 1.28073
 0.53769, 1.28073, 0.53775, 1.28104
 0.53775, 1.28104, 0.53775, 1.28135
 0.53775, 1.28135, 0.53802, 1.28236
 0.53802, 1.28236, 0.53823, 1.28338
 0.53823, 1.28338, 0.53837, 1.28366
 0.53837, 1.28366, 0.53845, 1.28396
 0.53845, 1.28396, 0.53845, 1.28396
 0.53845, 1.28396, 0.53845, 1.28396
 0.53845, 1.28396, 0.53897, 1.28486
 0.53897, 1.28486, 0.53944, 1.28579
 0.53944, 1.28579, 0.53964, 1.28602
 0.53964, 1.28602, 0.53980, 1.28629
 0.53980, 1.28629, 0.54053, 1.28703
 0.54053, 1.28703, 0.54123, 1.28781
 0.54123, 1.28781, 0.54149, 1.28798
 0.54149, 1.28798, 0.54171, 1.28820
 0.54171, 1.28820, 0.54261, 1.28872
 0.54261, 1.28872, 0.54348, 1.28930
 0.54348, 1.28930, 0.54377, 1.28940
 0.54377, 1.28940, 0.54404, 1.28955
 0.54404, 1.28955, 0.54505, 1.28982
 0.54505, 1.28982, 0.54604, 1.29015
 0.54604, 1.29015, 0.54635, 1.29017
 0.54635, 1.29017, 0.54665, 1.29025
 0.54665, 1.29025, 0.54769, 1.29025
 0.54769, 1.29025, 0.54873, 1.29031
 0.54873, 1.29031, 0.54904, 1.29025
 0.54904, 1.29025, 0.54935, 1.29025
 0.54935, 1.29025, 0.55036, 1.28998
 0.55036, 1.28998, 0.55138, 1.28977
 0.55138, 1.28977, 0.55166, 1.28963
 0.55166, 1.28963, 0.55196, 1.28955
 0.55196, 1.28955, 0.55286, 1.28903
 0.55286, 1.28903, 0.55379, 1.28856
 0.55379, 1.28856, 0.55402, 1.28836
 0.55402, 1.28836, 0.55429, 1.28820
 0.55429, 1.28820, 0.55503, 1.28747
 0.55503, 1.28747, 0.55581, 1.28677
 0.55581, 1.28677, 0.55598, 1.28651
 0.55598, 1.28651, 0.55620, 1.28629
 0.55620, 1.28629, 0.55672, 1.28539
 0.55672, 1.28539, 0.55730, 1.28452
 0.55730, 1.28452, 0.55740, 1.28423
 0.55740, 1.28423, 0.55755, 1.28396
 0.55755, 1.28396, 0.55782, 1.28295
 0.55782, 1.28295, 0.55815, 1.28196
 0.55815, 1.28196, 0.55817, 1.28165
 0.55817, 1.28165, 0.55825, 1.28135
 0.55825, 1.28135, 0.55825, 1.28135
 0.55825, 1.28135, 0.55825, 1.28031
 0.55825, 1.28031, 0.55831, 1.27927
 0.55831, 1.27927, 0.55825, 1.27896
 0.55825, 1.27896, 0.55825, 1.27865
 0.55825, 1.27865, 0.55798, 1.27764
 0.55798, 1.27764, 0.55777, 1.27662
 0.55777, 1.27662, 0.55763, 1.27634
 0.55763, 1.27634, 0.55755, 1.27604
 0.55755, 1.27604, 0.55703, 1.27514
 0.55703, 1.27514, 0.55656, 1.27421
 0.55656, 1.27421, 0.55636, 1.27398
 0.55636, 1.27398, 0.55620, 1.27371
 0.55620, 1.27371, 0.55547, 1.27297
 0.55547, 1.27297, 0.55477, 1.27219
 0.55429, 1.31180, 0.55371, 1.31146
 0.55371, 1.31146, 0.55317, 1.31105
 0.55317, 1.31105, 0.55254, 1.31079
 0.55254, 1.31079, 0.55196, 1.31045
 0.55196, 1.31045, 0.55130, 1.31027
 0.55130, 1.31027, 0.55068, 1.31001
 0.55068, 1.31001, 0.55000, 1.30993
 0.55000, 1.30993, 0.54935, 1.30975
 0.54935, 1.30975, 0.54867, 1.30975
 0.54867, 1.30975, 0.54800, 1.30966
 0.54800, 1.30966, 0.54733, 1.30975
 0.54733, 1.30975, 0.54665, 1.30975
 0.54665, 1.30975, 0.54600, 1.30993
 0.54600, 1.30993, 0.54532, 1.31001
 0.54532, 1.31001, 0.54470, 1.31027
 0.54470, 1.31027, 0.54404, 1.31045
 0.54404, 1.31045, 0.54346, 1.31079
 0.54346, 1.31079, 0.54283, 1.31105
 0.54283, 1.31105, 0.54229, 1.31146
 0.54229, 1.31146, 0.54171, 1.31180
 0.54171, 1.31180, 0.54123, 1.31228
 0.54123, 1.31228, 0.54069, 1.31269
 0.54069, 1.31269, 0.54028, 1.31323
 0.54028, 1.31323, 0.53980, 1.31371
 0.53980, 1.31371, 0.53946, 1.31429
 0.53946, 1.31429, 0.53905, 1.31483
 0.53905, 1.31483, 0.53879, 1.31546
 0.53879, 1.31546, 0.53845, 1.31604
 0.53845, 1.31604, 0.53827, 1.31670
 0.53827, 1.31670, 0.53539, 1.32365
 0.53539, 1.32365, 0.52365, 1.33539
 0.52365, 1.33539, 0.50830, 1.34175
 0.50830, 1.34175, 0.49170, 1.34175
 0.49170, 1.34175, 0.47635, 1.33539
 0.47635, 1.33539, 0.46466, 1.32371
 0.46466, 1.32371, 0.46275, 1.32180
 0.46275, 1.32180, 0.46042, 1.32045
 0.46042, 1.32045, 0.45781, 1.31975
 0.45781, 1.31975, 0.34607, 1.31975
 0.34607, 1.31975, 0.33881, 1.31674
 0.33881, 1.31674, 0.33277, 1.31070
 0.33277, 1.31070, 0.23820, 1.21613
 0.23820, 1.21613, 0.23629, 1.21422
 0.23629, 1.21422, 0.23396, 1.21287
 0.23396, 1.21287, 0.23135, 1.21218
 0.23135, 1.21218, 0.22865, 1.21218
 0.22865, 1.21218, 0.22862, 1.21218
 0.22862, 1.21218, 0.22604, 1.21287
 0.22604, 1.21287, 0.22374, 1.21421
 0.22374, 1.21421, 0.22371, 1.21422
 0.22371, 1.21422, 0.22180, 1.21613
 0.22180, 1.21613, 0.22045, 1.21847
 0.22045, 1.21847, 0.21975, 1.22108
 0.21975, 1.22108, 0.21975, 1.23892
 0.21975, 1.23892, 0.22045, 1.24153
 0.22045, 1.24153, 0.22180, 1.24387
 0.22180, 1.24387, 0.35422, 1.37629
 0.35422, 1.37629, 0.35613, 1.37820
 0.35613, 1.37820, 0.35847, 1.37955
 0.35847, 1.37955, 0.36108, 1.38025
 0.36108, 1.38025, 0.57135, 1.38025
 0.57135, 1.38025, 0.57396, 1.37955
 0.57396, 1.37955, 0.57629, 1.37820
 0.57629, 1.37820, 0.57820, 1.37629
 0.57820, 1.37629, 0.57955, 1.37396
 0.57955, 1.37396, 0.58025, 1.37135
 0.58025, 1.37135, 0.58025, 1.34489
 0.58025, 1.34489, 0.58025, 1.34219
 0.58025, 1.34219, 0.57955, 1.33958
 0.57955, 1.33958, 0.57820, 1.33725
 0.57820, 1.33725, 0.55778, 1.31682
 0.55778, 1.31682, 0.55773, 1.31670
 0.55773, 1.31670, 0.55755, 1.31604
 0.55755, 1.31604, 0.55721, 1.31546
 0.55721, 1.31546, 0.55695, 1.31483
 0.55695, 1.31483, 0.55654, 1.31429
 0.55654, 1.31429, 0.55620, 1.31371
 0.55620, 1.31371, 0.55572, 1.31323
 0.55572, 1.31323, 0.55531, 1.31269
 0.55531, 1.31269, 0.55477, 1.31228
 0.55477, 1.31228, 0.55429, 1.31180
 0.48731, 1.25931, 0.48772, 1.25877
 0.48772, 1.25877, 0.48820, 1.25829
 0.48820, 1.25829, 0.48854, 1.25771
 0.48854, 1.25771, 0.48895, 1.25717
 0.48895, 1.25717, 0.48921, 1.25654
 0.48921, 1.25654, 0.48955, 1.25596
 0.48955, 1.25596, 0.48973, 1.25530
 0.48973, 1.25530, 0.48999, 1.25468
 0.48999, 1.25468, 0.49007, 1.25400
 0.49007, 1.25400, 0.49025, 1.25335
 0.49025, 1.25335, 0.49025, 1.25267
 0.49025, 1.25267, 0.49034, 1.25200
 0.49034, 1.25200, 0.49025, 1.25133
 0.49025, 1.25133, 0.49025, 1.25065
 0.49025, 1.25065, 0.49007, 1.25000
 0.49007, 1.25000, 0.48999, 1.24932
 0.48999, 1.24932, 0.48973, 1.24870
 0.48973, 1.24870, 0.48955, 1.24804
 0.48955, 1.24804, 0.48921, 1.24746
 0.48921, 1.24746, 0.48895, 1.24683
 0.48895, 1.24683, 0.48854, 1.24629
 0.48854, 1.24629, 0.48820, 1.24571
 0.48820, 1.24571, 0.48772, 1.24523
 0.48772, 1.24523, 0.48731, 1.24469
 0.48731, 1.24469, 0.48677, 1.24428
 0.48677, 1.24428, 0.48629, 1.24380
 0.48629, 1.24380, 0.48571, 1.24346
 0.48571, 1.24346, 0.48517, 1.24305
 0.48517, 1.24305, 0.48454, 1.24279
 0.48454, 1.24279, 0.48396, 1.24245
 0.48396, 1.24245, 0.48330, 1.24227
 0.48330, 1.24227, 0.48318, 1.24222
 0.48318, 1.24222, 0.45825, 1.21729
 0.45825, 1.21729, 0.45825, 1.17865
 0.45825, 1.17865, 0.45755, 1.17604
 0.45755, 1.17604, 0.45620, 1.17371
 0.45620, 1.17371, 0.45429, 1.17180
 0.45429, 1.17180, 0.45196, 1.17045
 0.45196, 1.17045, 0.44935, 1.16975
 0.44935, 1.16975, 0.29607, 1.16975
 0.29607, 1.16975, 0.28881, 1.16674
 0.28881, 1.16674, 0.28629, 1.16422
 0.28629, 1.16422, 0.28396, 1.16287
 0.28396, 1.16287, 0.28135, 1.16218
 0.28135, 1.16218, 0.27865, 1.16218
 0.27865, 1.16218, 0.27722, 1.16256
 0.27722, 1.16256, 0.27604, 1.16287
 0.27604, 1.16287, 0.27604, 1.16287
 0.27604, 1.16287, 0.27604, 1.16287
 0.27604, 1.16287, 0.27537, 1.16327
 0.27537, 1.16327, 0.27371, 1.16422
 0.27371, 1.16422, 0.27371, 1.16422
 0.27371, 1.16422, 0.27368, 1.16425
 0.27368, 1.16425, 0.27180, 1.16613
 0.27180, 1.16613, 0.27045, 1.16847
 0.27045, 1.16847, 0.26975, 1.17108
 0.26975, 1.17108, 0.26975, 1.18892
 0.26975, 1.18892, 0.27045, 1.19153
 0.27045, 1.19153, 0.27180, 1.19387
 0.27180, 1.19387, 0.35422, 1.27629
 0.35422, 1.27629, 0.35613, 1.27820
 0.35613, 1.27820, 0.35847, 1.27955
 0.35847, 1.27955, 0.36108, 1.28025
 0.36108, 1.28025, 0.45781, 1.28025
 0.45781, 1.28025, 0.46042, 1.27955
 0.46042, 1.27955, 0.46275, 1.27820
 0.46275, 1.27820, 0.47635, 1.26461
 0.47635, 1.26461, 0.48330, 1.26173
 0.48330, 1.26173, 0.48396, 1.26155
 0.48396, 1.26155, 0.48454, 1.26121
 0.48454, 1.26121, 0.48517, 1.26095
 0.48517, 1.26095, 0.48571, 1.26054
 0.48571, 1.26054, 0.48629, 1.26020
 0.48629, 1.26020, 0.48677, 1.25972
 0.48677, 1.25972, 0.48731, 1.25931
 0.25370, 1.36412, 0.26334, 1.38740
 0.26334, 1.38740, 0.26334, 1.41260
 0.26334, 1.41260, 0.25370, 1.43588
 0.25370, 1.43588, 0.23588, 1.45370
 0.23588, 1.45370, 0.21260, 1.46334
 0.21260, 1.46334, 0.18740, 1.46334
 0.18740, 1.46334, 0.16412, 1.45370
 0.16412, 1.45370, 0.14630, 1.43588
 0.14630, 1.43588, 0.13666, 1.41260
 0.13666, 1.41260, 0.13666, 1.38740
 0.13666, 1.38740, 0.14630, 1.36412
 0.14630, 1.36412, 0.16412, 1.34630
 0.16412, 1.34630, 0.18740, 1.33666
 0.18740, 1.33666, 0.21260, 1.33666
 0.21260, 1.33666, 0.23588, 1.34630
 0.23588, 1.34630, 0.25370, 1.36412
# pass=2
# preview window width=800 height=600
 0.03780, 0.04064, 0.03579, 0.04411
 0.03579, 0.04411, 0.03475, 0.04799
 0.03475, 0.04799, 0.03475, 1.54102
 0.03475, 1.54102, 0.03579, 1.54489
 0.03579, 1.54489, 0.03780, 1.54837
 0.03780, 1.54837, 0.04064, 1.55121
 0.04064, 1.55121, 0.04411, 1.55322
 0.04411, 1.55322, 0.04799, 1.55426
 0.04799, 1.55426, 0.90201, 1.55426
 0.90201, 1.55426, 0.90589, 1.55322
 0.90589, 1.55322, 0.90936, 1.55121
 0.90936, 1.55121, 0.91220, 1.54837
 0.91220, 1.54837, 0.91421, 1.54489
 0.91421, 1.54489, 0.91525, 1.54102
 0.91525, 1.54102, 0.91525, 0.05201
 0.91525, 0.05201, 0.91525, 0.04799
 0.91525, 0.04799, 0.91421, 0.04411
 0.91421, 0.04411, 0.91220, 0.04064
 0.91220, 0.04064, 0.90936, 0.03780
 0.90936, 0.03780, 0.90589, 0.03579
 0.90589, 0.03579, 0.90201, 0.03475
 0.90201, 0.03475, 0.04799, 0.03475
 0.04799, 0.03475, 0.04411, 0.03579
 0.04411, 0.03579, 0.04064, 0.03780
 0.04064, 0.03780, 0.03780, 0.04064
 0.17838, 0.36964, 0.17918, 0.36884
 0.17918, 0.36884, 0.18023, 0.36841
 0.18023, 0.36841, 0.17838, 0.36964
 0.16964, 0.37838, 0.16841, 0.38023
 0.16841, 0.38023, 0.16884, 0.37918
 0.16884, 0.37918, 0.16964, 0.37838
 0.16368, 0.39165, 0.16325, 0.39382
 0.16325, 0.39382, 0.16325, 0.39269
 0.16325, 0.39269, 0.16368, 0.39165
 0.16325, 0.40618, 0.16368, 0.40835
 0.16368, 0.40835, 0.16325, 0.40731
 0.16325, 0.40731, 0.16325, 0.40618
 0.16841, 0.41977, 0.16964, 0.42162
 0.16964, 0.42162, 0.16884, 0.42082
 0.16884, 0.42082, 0.16841, 0.41977
 0.17838, 0.43036, 0.18023, 0.43159
 0.18023, 0.43159, 0.17918, 0.43116
 0.17918, 0.43116, 0.17838, 0.43036
 0.18945, 0.43588, 0.19633, 0.43725
 0.19633, 0.43725, 0.20367, 0.43725
 0.20367, 0.43725, 0.21087, 0.43582
 0.21087, 0.43582, 0.21326, 0.43483
 0.21326, 0.43483, 0.23475, 0.45632
 0.23475, 0.45632, 0.23475, 0.48207
 0.23475, 0.48207, 0.21543, 0.46275
 0.21543, 0.46275, 0.18528, 0.46275
 0.18528, 0.46275, 0.18579, 0.46224
 0.18579, 0.46224, 0.18589, 0.46221
 0.18589, 0.46221, 0.18676, 0.46171
 0.18676, 0.46171, 0.18769, 0.46132
 0.18769, 0.46132, 0.18849, 0.46071
 0.18849, 0.46071, 0.18936, 0.46020
 0.18936, 0.46020, 0.19008, 0.45949
 0.19008, 0.45949, 0.19088, 0.45888
 0.19088, 0.45888, 0.19149, 0.45808
 0.19149, 0.45808, 0.19220, 0.45736
 0.19220, 0.45736, 0.19271, 0.45649
 0.19271, 0.45649, 0.19332, 0.45569
 0.19332, 0.45569, 0.19371, 0.45476
 0.19371, 0.45476, 0.19421, 0.45389
 0.19421, 0.45389, 0.19447, 0.45291
 0.19447, 0.45291, 0.19486, 0.45198
 0.19486, 0.45198, 0.19499, 0.45098
 0.19499, 0.45098, 0.19525, 0.45001
 0.19525, 0.45001, 0.19525, 0.44900
 0.19525, 0.44900, 0.19538, 0.44800
 0.19538, 0.44800, 0.19525, 0.44700
 0.19525, 0.44700, 0.19525, 0.44599
 0.19525, 0.44599, 0.19499, 0.44502
 0.19499, 0.44502, 0.19486, 0.44402
 0.19486, 0.44402, 0.19447, 0.44309
 0.19447, 0.44309, 0.19421, 0.44211
 0.19421, 0.44211, 0.19371, 0.44124
 0.19371, 0.44124, 0.19332, 0.44031
 0.19332, 0.44031, 0.19271, 0.43951
 0.19271, 0.43951, 0.19220, 0.43864
 0.19220, 0.43864, 0.19149, 0.43792
 0.19149, 0.43792, 0.19088, 0.43712
 0.19088, 0.43712, 0.19008, 0.43651
 0.19008, 0.43651, 0.18945, 0.43588
 0.23483, 0.41326, 0.23582, 0.41087
 0.23582, 0.41087, 0.23725, 0.40367
 0.23725, 0.40367, 0.23725, 0.39633
 0.23725, 0.39633, 0.23588, 0.38945
 0.23588, 0.38945, 0.23651, 0.39008
 0.23651, 0.39008, 0.23712, 0.39088
 0.23712, 0.39088, 0.23792, 0.39149
 0.23792, 0.39149, 0.23864, 0.39220
 0.23864, 0.39220, 0.23951, 0.39271
 0.23951, 0.39271, 0.24031, 0.39332
 0.24031, 0.39332, 0.24124, 0.39371
 0.24124, 0.39371, 0.24211, 0.39421
 0.24211, 0.39421, 0.24309, 0.39447
 0.24309, 0.39447, 0.24402, 0.39486
 0.24402, 0.39486, 0.24502, 0.39499
 0.24502, 0.39499, 0.24599, 0.39525
 0.24599, 0.39525, 0.24700, 0.39525
 0.24700, 0.39525, 0.24800, 0.39538
 0.24800, 0.39538, 0.24900, 0.39525
 0.24900, 0.39525, 0.25001, 0.39525
 0.25001, 0.39525, 0.25098, 0.39499
 0.25098, 0.39499, 0.25198, 0.39486
 0.25198, 0.39486, 0.25291, 0.39447
 0.25291, 0.39447, 0.25389, 0.39421
 0.25389, 0.39421, 0.25476, 0.39371
 0.25476, 0.39371, 0.25569, 0.39332
 0.25569, 0.39332, 0.25649, 0.39271
 0.25649, 0.39271, 0.25736, 0.39220
 0.25736, 0.39220, 0.25808, 0.39149
 0.25808, 0.39149, 0.25888, 0.39088
 0.25888, 0.39088, 0.25949, 0.39008
 0.25949, 0.39008, 0.26020, 0.38936
 0.26020, 0.38936, 0.26071, 0.38849
 0.26071, 0.38849, 0.26132, 0.38769
 0.26132, 0.38769, 0.26171, 0.38676
 0.26171, 0.38676, 0.26221, 0.38589
 0.26221, 0.38589, 0.26224, 0.38579
 0.26224, 0.38579, 0.26275, 0.38528
 0.26275, 0.38528, 0.26275, 0.41543
 0.26275, 0.41543, 0.28457, 0.43725
 0.28457, 0.43725, 0.31543, 0.43725
 0.31543, 0.43725, 0.33725, 0.41543
 0.33725, 0.41543, 0.33725, 0.38457
 0.33725, 0.38457, 0.33712, 0.38444
 0.33712, 0.38444, 0.38126, 0.34031
 0.38126, 0.34031, 0.38022, 0.34211
 0.38022, 0.34211, 0.37918, 0.34599
 0.37918, 0.34599, 0.37918, 0.35001
 0.37918, 0.35001, 0.38022, 0.35389
 0.38022, 0.35389, 0.38028, 0.35399
 0.38028, 0.35399, 0.38222, 0.35736
 0.38222, 0.35736, 0.38222, 0.35736
 0.38222, 0.35736, 0.38506, 0.36020
 0.38506, 0.36020, 0.38514, 0.36025
 0.38514, 0.36025, 0.38854, 0.36221
 0.38854, 0.36221, 0.39055, 0.36275
 0.39055, 0.36275, 0.38457, 0.36275
 0.38457, 0.36275, 0.36275, 0.38457
 0.36275, 0.38457, 0.36275, 0.41543
 0.36275, 0.41543, 0.36288, 0.41556
 0.36288, 0.41556, 0.34064, 0.43780
 0.34064, 0.43780, 0.33780, 0.44064
 0.33780, 0.44064, 0.33579, 0.44411
 0.33579, 0.44411, 0.33475, 0.44799
 0.33475, 0.44799, 0.33475, 0.48207
 0.33475, 0.48207, 0.31543, 0.46275
 0.31543, 0.46275, 0.28457, 0.46275
 0.28457, 0.46275, 0.26525, 0.48207
 0.26525, 0.48207, 0.26525, 0.44799
 0.26525, 0.44799, 0.26421, 0.44411
 0.26421, 0.44411, 0.26220, 0.44064
 0.26220, 0.44064, 0.25936, 0.43780
 0.25936, 0.43780, 0.23483, 0.41326
 0.23159, 0.38023, 0.23036, 0.37838
 0.23036, 0.37838, 0.23116, 0.37918
 0.23116, 0.37918, 0.23159, 0.38023
 0.22162, 0.36964, 0.21977, 0.36841
 0.21977, 0.36841, 0.22082, 0.36884
 0.22082, 0.36884, 0.22162, 0.36964
 0.20835, 0.36368, 0.20618, 0.36325
 0.20618, 0.36325, 0.20731, 0.36325
 0.20731, 0.36325, 0.20835, 0.36368
 0.19382, 0.36325, 0.19165, 0.36368
 0.19165, 0.36368, 0.19269, 0.36325
 0.19269, 0.36325, 0.19382, 0.36325
 0.31345, 0.36275, 0.31546, 0.36221
 0.31546, 0.36221, 0.31727, 0.36117
 0.31727, 0.36117, 0.31556, 0.36288
 0.31556, 0.36288, 0.31543, 0.36275
 0.31543, 0.36275, 0.31345, 0.36275
 0.40474, 0.31683, 0.40632, 0.31525
 0.40632, 0.31525, 0.40855, 0.31525
 0.40855, 0.31525, 0.40654, 0.31579
 0.40654, 0.31579, 0.40474, 0.31683
 0.49145, 0.31525, 0.49368, 0.31525
 0.49368, 0.31525, 0.49526, 0.31683
 0.49526, 0.31683, 0.49346, 0.31579
 0.49346, 0.31579, 0.49145, 0.31525
 0.64166, 0.31160, 0.64166, 0.28840
 0.64166, 0.28840, 0.65054, 0.26695
 0.65054, 0.26695, 0.66695, 0.25054
 0.66695, 0.25054, 0.68840, 0.24166
 0.68840, 0.24166, 0.71160, 0.24166
 0.71160, 0.24166, 0.73305, 0.25054
 0.73305, 0.25054, 0.74946, 0.26695
 0.74946, 0.26695, 0.75834, 0.28840
 0.75834, 0.28840, 0.75834, 0.31160
 0.75834, 0.31160, 0.74946, 0.33305
 0.74946, 0.33305, 0.73305, 0.34946
 0.73305, 0.34946, 0.71160, 0.35834
 0.71160, 0.35834, 0.68840, 0.35834
 0.68840, 0.35834, 0.66695, 0.34946
 0.66695, 0.34946, 0.65054, 0.33305
 0.65054, 0.33305, 0.64166, 0.31160
 0.68317, 0.50473, 0.68475, 0.50632
 0.68475, 0.50632, 0.68475, 0.50855
 0.68475, 0.50855, 0.68421, 0.50654
 0.68421, 0.50654, 0.68317, 0.50473
 0.49526, 0.51683, 0.49346, 0.51579
 0.49346, 0.51579, 0.49145, 0.51525
 0.49145, 0.51525, 0.49368, 0.51525
 0.49368, 0.51525, 0.49526, 0.51683
 0.43967, 0.51525, 0.43765, 0.51579
 0.43765, 0.51579, 0.43585, 0.51683
 0.43585, 0.51683, 0.43725, 0.51543
 0.43725, 0.51543, 0.43725, 0.51525
 0.43725, 0.51525, 0.43967, 0.51525
 0.43967, 0.48475, 0.43725, 0.48475
 0.43725, 0.48475, 0.43725, 0.48457
 0.43725, 0.48457, 0.43585, 0.48317
 0.43585, 0.48317, 0.43765, 0.48421
 0.43765, 0.48421, 0.43967, 0.48475
 0.41472, 0.46275, 0.38457, 0.46275
 0.38457, 0.46275, 0.36525, 0.48207
 0.36525, 0.48207, 0.36525, 0.45632
 0.36525, 0.45632, 0.38444, 0.43712
 0.38444, 0.43712, 0.38457, 0.43725
 0.38457, 0.43725, 0.41472, 0.43725
 0.41472, 0.43725, 0.41418, 0.43780
 0.41418, 0.43780, 0.41418, 0.43780
 0.41418, 0.43780, 0.41134, 0.44064
 0.41134, 0.44064, 0.41129, 0.44071
 0.41129, 0.44071, 0.40933, 0.44411
 0.40933, 0.44411, 0.40829, 0.44799
 0.40829, 0.44799, 0.40829, 0.45201
 0.40829, 0.45201, 0.40933, 0.45589
 0.40933, 0.45589, 0.40939, 0.45599
 0.40939, 0.45599, 0.41134, 0.45936
 0.41134, 0.45936, 0.41134, 0.45936
 0.41134, 0.45936, 0.41472, 0.46275
 0.39055, 0.53725, 0.38854, 0.53779
 0.38854, 0.53779, 0.38506, 0.53980
 0.38506, 0.53980, 0.38222, 0.54264
 0.38222, 0.54264, 0.38022, 0.54611
 0.38022, 0.54611, 0.37918, 0.54999
 0.37918, 0.54999, 0.37918, 0.55401
 0.37918, 0.55401, 0.38022, 0.55789
 0.38022, 0.55789, 0.38126, 0.55969
 0.38126, 0.55969, 0.36525, 0.54368
 0.36525, 0.54368, 0.36525, 0.51793
 0.36525, 0.51793, 0.38457, 0.53725
 0.38457, 0.53725, 0.39055, 0.53725
 0.33475, 0.55201, 0.33579, 0.55589
 0.33579, 0.55589, 0.33776, 0.55930
 0.33776, 0.55930, 0.33589, 0.55822
 0.33589, 0.55822, 0.33572, 0.55817
 0.33572, 0.55817, 0.33201, 0.55718
 0.33201, 0.55718, 0.32799, 0.55718
 0.32799, 0.55718, 0.32411, 0.55822
 0.32411, 0.55822, 0.32407, 0.55824
 0.32407, 0.55824, 0.32064, 0.56022
 0.32064, 0.56022, 0.31784, 0.56302
 0.31784, 0.56302, 0.31780, 0.56306
 0.31780, 0.56306, 0.31579, 0.56654
 0.31579, 0.56654, 0.31574, 0.56670
 0.31574, 0.56670, 0.31525, 0.56855
 0.31525, 0.56855, 0.31525, 0.53725
 0.31525, 0.53725, 0.31543, 0.53725
 0.31543, 0.53725, 0.33475, 0.51793
 0.33475, 0.51793, 0.33475, 0.55201
 0.28475, 0.53725, 0.28475, 1.14799
 0.28475, 1.14799, 0.28475, 1.15201
 0.28475, 1.15201, 0.28579, 1.15589
 0.28579, 1.15589, 0.28776, 1.15930
 0.28776, 1.15930, 0.28589, 1.15822
 0.28589, 1.15822, 0.28589, 1.15822
 0.28589, 1.15822, 0.28589, 1.15822
 0.28589, 1.15822, 0.28508, 1.15800
 0.28508, 1.15800, 0.28201, 1.15718
 0.28201, 1.15718, 0.27799, 1.15718
 0.27799, 1.15718, 0.27587, 1.15774
 0.27587, 1.15774, 0.27411, 1.15822
 0.27411, 1.15822, 0.27411, 1.15822
 0.27411, 1.15822, 0.27411, 1.15822
 0.27411, 1.15822, 0.27353, 1.15855
 0.27353, 1.15855, 0.27064, 1.16022
 0.27064, 1.16022, 0.27064, 1.16022
 0.27064, 1.16022, 0.27059, 1.16027
 0.27059, 1.16027, 0.26780, 1.16306
 0.26780, 1.16306, 0.26579, 1.16654
 0.26579, 1.16654, 0.26579, 1.16654
 0.26579, 1.16654, 0.26579, 1.16654
 0.26579, 1.16654, 0.26557, 1.16734
 0.26557, 1.16734, 0.26525, 1.16855
 0.26525, 1.16855, 0.26525, 0.51793
 0.26525, 0.51793, 0.28457, 0.53725
 0.28457, 0.53725, 0.28475, 0.53725
 0.21543, 0.53725, 0.23475, 0.51793
 0.23475, 0.51793, 0.23475, 1.20201
 0.23475, 1.20201, 0.23579, 1.20589
 0.23579, 1.20589, 0.23776, 1.20930
 0.23776, 1.20930, 0.23589, 1.20822
 0.23589, 1.20822, 0.23572, 1.20817
 0.23572, 1.20817, 0.23201, 1.20718
 0.23201, 1.20718, 0.22799, 1.20718
 0.22799, 1.20718, 0.22411, 1.20822
 0.22411, 1.20822, 0.22407, 1.20824
 0.22407, 1.20824, 0.22064, 1.21022
 0.22064, 1.21022, 0.21784, 1.21302
 0.21784, 1.21302, 0.21780, 1.21306
 0.21780, 1.21306, 0.21579, 1.21654
 0.21579, 1.21654, 0.21574, 1.21670
 0.21574, 1.21670, 0.21525, 1.21855
 0.21525, 1.21855, 0.21525, 0.53725
 0.21525, 0.53725, 0.21543, 0.53725
 0.18475, 0.53725, 0.18475, 0.53967
 0.18475, 0.53967, 0.18421, 0.53765
 0.18421, 0.53765, 0.18317, 0.53585
 0.18317, 0.53585, 0.18457, 0.53725
 0.18457, 0.53725, 0.18475, 0.53725
 0.58317, 0.60473, 0.58475, 0.60632
 0.58475, 0.60632, 0.58475, 0.60855
 0.58475, 0.60855, 0.58421, 0.60654
 0.58421, 0.60654, 0.58317, 0.60473
 0.48317, 0.70474, 0.48475, 0.70632
 0.48475, 0.70632, 0.48475, 0.70855
 0.48475, 0.70855, 0.48421, 0.70654
 0.48421, 0.70654, 0.48317, 0.70474
 0.48475, 1.06033, 0.48475, 1.06275
 0.48475, 1.06275, 0.48457, 1.06275
 0.48457, 1.06275, 0.48317, 1.06415
 0.48317, 1.06415, 0.48421, 1.06235
 0.48421, 1.06235, 0.48475, 1.06033
 0.51525, 1.06033, 0.51579, 1.06235
 0.51579, 1.06235, 0.51683, 1.06415
 0.51683, 1.06415, 0.51543, 1.06275
 0.51543, 1.06275, 0.51525, 1.06275
 0.51525, 1.06275, 0.51525, 1.06033
 0.53725, 1.08528, 0.54064, 1.08866
 0.54064, 1.08866, 0.54411, 1.09067
 0.54411, 1.09067, 0.54799, 1.09171
 0.54799, 1.09171, 0.55201, 1.09171
 0.55201, 1.09171, 0.55589, 1.09067
 0.55589, 1.09067, 0.55936, 1.08866
 0.55936, 1.08866, 0.56220, 1.08582
 0.56220, 1.08582, 0.56220, 1.08582
 0.56220, 1.08582, 0.56275, 1.08528
 0.56275, 1.08528, 0.56275, 1.11543
 0.56275, 1.11543, 0.58457, 1.13725
 0.58457, 1.13725, 0.61472, 1.13725
 0.61472, 1.13725, 0.61418, 1.13780
 0.61418, 1.13780, 0.61418, 1.13780
 0.61418, 1.13780, 0.61134, 1.14064
 0.61134, 1.14064, 0.60933, 1.14411
 0.60933, 1.14411, 0.60829, 1.14799
 0.60829, 1.14799, 0.60829, 1.15201
 0.60829, 1.15201, 0.60933, 1.15589
 0.60933, 1.15589, 0.61134, 1.15936
 0.61134, 1.15936, 0.61182, 1.15985
 0.61182, 1.15985, 0.61418, 1.16220
 0.61418, 1.16220, 0.61418, 1.16220
 0.61418, 1.16220, 0.61472, 1.16275
 0.61472, 1.16275, 0.58457, 1.16275
 0.58457, 1.16275, 0.58444, 1.16288
 0.58444, 1.16288, 0.55936, 1.13780
 0.55936, 1.13780, 0.55589, 1.13579
 0.55589, 1.13579, 0.55201, 1.13475
 0.55201, 1.13475, 0.51793, 1.13475
 0.51793, 1.13475, 0.53725, 1.11543
 0.53725, 1.11543, 0.53725, 1.08528
 0.58317, 1.06415, 0.58421, 1.06235
 0.58421, 1.06235, 0.58475, 1.06033
 0.58475, 1.06033, 0.58475, 1.06275
 0.58475, 1.06275, 0.58457, 1.06275
 0.58457, 1.06275, 0.58317, 1.06415
 0.61525, 1.06275, 0.61525, 1.06033
 0.61525, 1.06033, 0.61579, 1.06235
 0.61579, 1.06235, 0.61683, 1.06415
 0.61683, 1.06415, 0.61543, 1.06275
 0.61543, 1.06275, 0.61525, 1.06275
 0.56288, 1.18444, 0.56275, 1.18457
 0.56275, 1.18457, 0.56275, 1.21543
 0.56275, 1.21543, 0.58207, 1.23475
 0.58207, 1.23475, 0.55632, 1.23475
 0.55632, 1.23475, 0.53712, 1.21556
 0.53712, 1.21556, 0.53725, 1.21543
 0.53725, 1.21543, 0.53725, 1.18457
 0.53725, 1.18457, 0.51793, 1.16525
 0.51793, 1.16525, 0.54368, 1.16525
 0.54368, 1.16525, 0.56288, 1.18444
 0.55808, 1.26838, 0.55769, 1.26812
 0.55769, 1.26812, 0.55736, 1.26780
 0.55736, 1.26780, 0.55602, 1.26702
 0.55602, 1.26702, 0.55473, 1.26617
 0.55473, 1.26617, 0.55429, 1.26602
 0.55429, 1.26602, 0.55389, 1.26579
 0.55389, 1.26579, 0.55239, 1.26539
 0.55239, 1.26539, 0.55197, 1.26525
 0.55197, 1.26525, 0.58207, 1.26525
 0.58207, 1.26525, 0.56275, 1.28457
 0.56275, 1.28457, 0.56275, 1.31472
 0.56275, 1.31472, 0.56224, 1.31421
 0.56224, 1.31421, 0.56221, 1.31411
 0.56221, 1.31411, 0.56171, 1.31324
 0.56171, 1.31324, 0.56132, 1.31231
 0.56132, 1.31231, 0.56071, 1.31151
 0.56071, 1.31151, 0.56020, 1.31064
 0.56020, 1.31064, 0.55949, 1.30992
 0.55949, 1.30992, 0.55888, 1.30912
 0.55888, 1.30912, 0.55808, 1.30851
 0.55808, 1.30851, 0.55736, 1.30780
 0.55736, 1.30780, 0.55649, 1.30729
 0.55649, 1.30729, 0.55569, 1.30668
 0.55569, 1.30668, 0.55476, 1.30629
 0.55476, 1.30629, 0.55389, 1.30579
 0.55389, 1.30579, 0.55291, 1.30553
 0.55291, 1.30553, 0.55198, 1.30514
 0.55198, 1.30514, 0.55098, 1.30501
 0.55098, 1.30501, 0.55001, 1.30475
 0.55001, 1.30475, 0.54900, 1.30475
 0.54900, 1.30475, 0.54800, 1.30462
 0.54800, 1.30462, 0.54700, 1.30475
 0.54700, 1.30475, 0.54599, 1.30475
 0.54599, 1.30475, 0.54502, 1.30501
 0.54502, 1.30501, 0.54402, 1.30514
 0.54402, 1.30514, 0.54309, 1.30553
 0.54309, 1.30553, 0.54211, 1.30579
 0.54211, 1.30579, 0.54124, 1.30629
 0.54124, 1.30629, 0.54031, 1.30668
 0.54031, 1.30668, 0.53951, 1.30729
 0.53951, 1.30729, 0.53864, 1.30780
 0.53864, 1.30780, 0.53792, 1.30851
 0.53792, 1.30851, 0.53712, 1.30912
 0.53712, 1.30912, 0.53651, 1.30992
 0.53651, 1.30992, 0.53588, 1.31055
 0.53588, 1.31055, 0.53725, 1.30367
 0.53725, 1.30367, 0.53725, 1.29633
 0.53725, 1.29633, 0.53588, 1.28945
 0.53588, 1.28945, 0.53689, 1.29046
 0.53689, 1.29046, 0.53792, 1.29162
 0.53792, 1.29162, 0.53831, 1.29188
 0.53831, 1.29188, 0.53864, 1.29220
 0.53864, 1.29220, 0.53998, 1.29298
 0.53998, 1.29298, 0.54127, 1.29383
 0.54127, 1.29383, 0.54171, 1.29398
 0.54171, 1.29398, 0.54211, 1.29421
 0.54211, 1.29421, 0.54361, 1.29461
 0.54361, 1.29461, 0.54508, 1.29510
 0.54508, 1.29510, 0.54555, 1.29513
 0.54555, 1.29513, 0.54599, 1.29525
 0.54599, 1.29525, 0.54754, 1.29525
 0.54754, 1.29525, 0.54909, 1.29534
 0.54909, 1.29534, 0.54954, 1.29525
 0.54954, 1.29525, 0.55001, 1.29525
 0.55001, 1.29525, 0.55150, 1.29485
 0.55150, 1.29485, 0.55302, 1.29454
 0.55302, 1.29454, 0.55344, 1.29433
 0.55344, 1.29433, 0.55389, 1.29421
 0.55389, 1.29421, 0.55523, 1.29344
 0.55523, 1.29344, 0.55662, 1.29274
 0.55662, 1.29274, 0.55696, 1.29243
 0.55696, 1.29243, 0.55736, 1.29220
 0.55736, 1.29220, 0.55846, 1.29111
 0.55846, 1.29111, 0.55962, 1.29008
 0.55962, 1.29008, 0.55988, 1.28969
 0.55988, 1.28969, 0.56020, 1.28936
 0.56020, 1.28936, 0.56098, 1.28802
 0.56098, 1.28802, 0.56183, 1.28673
 0.56183, 1.28673, 0.56198, 1.28629
 0.56198, 1.28629, 0.56221, 1.28589
 0.56221, 1.28589, 0.56261, 1.28439
 0.56261, 1.28439, 0.56310, 1.28292
 0.56310, 1.28292, 0.56313, 1.28245
 0.56313, 1.28245, 0.56325, 1.28201
 0.56325, 1.28201, 0.56325, 1.28046
 0.56325, 1.28046, 0.56334, 1.27891
 0.56334, 1.27891, 0.56325, 1.27846
 0.56325, 1.27846, 0.56325, 1.27799
 0.56325, 1.27799, 0.56285, 1.27649
 0.56285, 1.27649, 0.56254, 1.27498
 0.56254, 1.27498, 0.56233, 1.27456
 0.56233, 1.27456, 0.56221, 1.27411
 0.56221, 1.27411, 0.56143, 1.27277
 0.56143, 1.27277, 0.56074, 1.27138
 0.56074, 1.27138, 0.56043, 1.27104
 0.56043, 1.27104, 0.56020, 1.27064
 0.56020, 1.27064, 0.55911, 1.26954
 0.55911, 1.26954, 0.55808, 1.26838
 0.54613, 1.26475, 0.54599, 1.26475
 0.54599, 1.26475, 0.54449, 1.26515
 0.54449, 1.26515, 0.54298, 1.26546
 0.54298, 1.26546, 0.54256, 1.26567
 0.54256, 1.26567, 0.54211, 1.26579
 0.54211, 1.26579, 0.54077, 1.26656
 0.54077, 1.26656, 0.53938, 1.26726
 0.53938, 1.26726, 0.53904, 1.26757
 0.53904, 1.26757, 0.53864, 1.26780
 0.53864, 1.26780, 0.53754, 1.26889
 0.53754, 1.26889, 0.53638, 1.26992
 0.53638, 1.26992, 0.53612, 1.27031
 0.53612, 1.27031, 0.53580, 1.27064
 0.53580, 1.27064, 0.53502, 1.27198
 0.53502, 1.27198, 0.53417, 1.27327
 0.53417, 1.27327, 0.53402, 1.27371
 0.53402, 1.27371, 0.53379, 1.27411
 0.53379, 1.27411, 0.53339, 1.27561
 0.53339, 1.27561, 0.53290, 1.27708
 0.53290, 1.27708, 0.53287, 1.27754
 0.53287, 1.27754, 0.53275, 1.27799
 0.53275, 1.27799, 0.53275, 1.27954
 0.53275, 1.27954, 0.53266, 1.28109
 0.53266, 1.28109, 0.53275, 1.28154
 0.53275, 1.28154, 0.53275, 1.28197
 0.53275, 1.28197, 0.52893, 1.27625
 0.52893, 1.27625, 0.52375, 1.27107
 0.52375, 1.27107, 0.51764, 1.26699
 0.51764, 1.26699, 0.51087, 1.26418
 0.51087, 1.26418, 0.50367, 1.26275
 0.50367, 1.26275, 0.49633, 1.26275
 0.49633, 1.26275, 0.48945, 1.26412
 0.48945, 1.26412, 0.49008, 1.26349
 0.49008, 1.26349, 0.49088, 1.26288
 0.49088, 1.26288, 0.49149, 1.26208
 0.49149, 1.26208, 0.49220, 1.26136
 0.49220, 1.26136, 0.49271, 1.26049
 0.49271, 1.26049, 0.49332, 1.25969
 0.49332, 1.25969, 0.49371, 1.25876
 0.49371, 1.25876, 0.49421, 1.25789
 0.49421, 1.25789, 0.49447, 1.25691
 0.49447, 1.25691, 0.49486, 1.25598
 0.49486, 1.25598, 0.49499, 1.25498
 0.49499, 1.25498, 0.49525, 1.25401
 0.49525, 1.25401, 0.49525, 1.25300
 0.49525, 1.25300, 0.49538, 1.25200
 0.49538, 1.25200, 0.49525, 1.25100
 0.49525, 1.25100, 0.49525, 1.24999
 0.49525, 1.24999, 0.49499, 1.24902
 0.49499, 1.24902, 0.49486, 1.24802
 0.49486, 1.24802, 0.49447, 1.24709
 0.49447, 1.24709, 0.49421, 1.24611
 0.49421, 1.24611, 0.49371, 1.24524
 0.49371, 1.24524, 0.49332, 1.24431
 0.49332, 1.24431, 0.49271, 1.24351
 0.49271, 1.24351, 0.49220, 1.24264
 0.49220, 1.24264, 0.49149, 1.24192
 0.49149, 1.24192, 0.49088, 1.24112
 0.49088, 1.24112, 0.49008, 1.24051
 0.49008, 1.24051, 0.48936, 1.23980
 0.48936, 1.23980, 0.48849, 1.23929
 0.48849, 1.23929, 0.48769, 1.23868
 0.48769, 1.23868, 0.48676, 1.23829
 0.48676, 1.23829, 0.48589, 1.23779
 0.48589, 1.23779, 0.48579, 1.23776
 0.48579, 1.23776, 0.48528, 1.23725
 0.48528, 1.23725, 0.51543, 1.23725
 0.51543, 1.23725, 0.51556, 1.23712
 0.51556, 1.23712, 0.54064, 1.26220
 0.54064, 1.26220, 0.54411, 1.26421
 0.54411, 1.26421, 0.54613, 1.26475
 0.48023, 1.26841, 0.47838, 1.26964
 0.47838, 1.26964, 0.47918, 1.26884
 0.47918, 1.26884, 0.48023, 1.26841
 0.46964, 1.27838, 0.46699, 1.28236
 0.46699, 1.28236, 0.46600, 1.28475
 0.46600, 1.28475, 0.46033, 1.28475
 0.46033, 1.28475, 0.46235, 1.28421
 0.46235, 1.28421, 0.46582, 1.28220
 0.46582, 1.28220, 0.46609, 1.28194
 0.46609, 1.28194, 0.46866, 1.27936
 0.46866, 1.27936, 0.46866, 1.27936
 0.46866, 1.27936, 0.46964, 1.27838
 0.46600, 1.31525, 0.46699, 1.31764
 0.46699, 1.31764, 0.46964, 1.32162
 0.46964, 1.32162, 0.46866, 1.32064
 0.46866, 1.32064, 0.46866, 1.32064
 0.46866, 1.32064, 0.46582, 1.31780
 0.46582, 1.31780, 0.46575, 1.31775
 0.46575, 1.31775, 0.46235, 1.31579
 0.46235, 1.31579, 0.46033, 1.31525
 0.46033, 1.31525, 0.46600, 1.31525
 0.47838, 1.33036, 0.48023, 1.33159
 0.48023, 1.33159, 0.47918, 1.33116
 0.47918, 1.33116, 0.47838, 1.33036
 0.49165, 1.33632, 0.49382, 1.33675
 0.49382, 1.33675, 0.49269, 1.33675
 0.49269, 1.33675, 0.49165, 1.33632
 0.50618, 1.33675, 0.50835, 1.33632
 0.50835, 1.33632, 0.50731, 1.33675
 0.50731, 1.33675, 0.50618, 1.33675
 0.51977, 1.33159, 0.52162, 1.33036
 0.52162, 1.33036, 0.52082, 1.33116
 0.52082, 1.33116, 0.51977, 1.33159
 0.53036, 1.32162, 0.53159, 1.31978
 0.53159, 1.31978, 0.53116, 1.32082
 0.53116, 1.32082, 0.53036, 1.32162
 0.58317, 1.33585, 0.58457, 1.33725
 0.58457, 1.33725, 0.58475, 1.33725
 0.58475, 1.33725, 0.58475, 1.33967
 0.58475, 1.33967, 0.58421, 1.33765
 0.58421, 1.33765, 0.58317, 1.33585
 0.61525, 1.33725, 0.61543, 1.33725
 0.61543, 1.33725, 0.61683, 1.33585
 0.61683, 1.33585, 0.61579, 1.33765
 0.61579, 1.33765, 0.61525, 1.33967
 0.61525, 1.33967, 0.61525, 1.33725
 0.58475, 1.37387, 0.58475, 1.38475
 0.58475, 1.38475, 0.57387, 1.38475
 0.57387, 1.38475, 0.57589, 1.38421
 0.57589, 1.38421, 0.57936, 1.38220
 0.57936, 1.38220, 0.58220, 1.37936
 0.58220, 1.37936, 0.58421, 1.37589
 0.58421, 1.37589, 0.58475, 1.37387
 0.61793, 1.26525, 0.64813, 1.26525
 0.64813, 1.26525, 0.64611, 1.26579
 0.64611, 1.26579, 0.64264, 1.26780
 0.64264, 1.26780, 0.63980, 1.27064
 0.63980, 1.27064, 0.63779, 1.27411
 0.63779, 1.27411, 0.63675, 1.27799
 0.63675, 1.27799, 0.63675, 1.28407
 0.63675, 1.28407, 0.61793, 1.26525
 0.61793, 1.23475, 0.63675, 1.21593
 0.63675, 1.21593, 0.63675, 1.22201
 0.63675, 1.22201, 0.63779, 1.22589
 0.63779, 1.22589, 0.63980, 1.22936
 0.63980, 1.22936, 0.64264, 1.23220
 0.64264, 1.23220, 0.64611, 1.23421
 0.64611, 1.23421, 0.64813, 1.23475
 0.64813, 1.23475, 0.61793, 1.23475
 0.67387, 1.23475, 0.67589, 1.23421
 0.67589, 1.23421, 0.67936, 1.23220
 0.67936, 1.23220, 0.68220, 1.22936
 0.68220, 1.22936, 0.68421, 1.22589
 0.68421, 1.22589, 0.68475, 1.22387
 0.68475, 1.22387, 0.68475, 1.23475
 0.68475, 1.23475, 0.67387, 1.23475
 0.48207, 1.16525, 0.46325, 1.18407
 0.46325, 1.18407, 0.46325, 1.17799
 0.46325, 1.17799, 0.46221, 1.17411
 0.46221, 1.17411, 0.46020, 1.17064
 0.46020, 1.17064, 0.45736, 1.16780
 0.45736, 1.16780, 0.45389, 1.16579
 0.45389, 1.16579, 0.45187, 1.16525
 0.45187, 1.16525, 0.48207, 1.16525
 0.48207, 1.13475, 0.45187, 1.13475
 0.45187, 1.13475, 0.45389, 1.13421
 0.45389, 1.13421, 0.45736, 1.13220
 0.45736, 1.13220, 0.46020, 1.12936
 0.46020, 1.12936, 0.46221, 1.12589
 0.46221, 1.12589, 0.46325, 1.12201
 0.46325, 1.12201, 0.46325, 1.11799
 0.46325, 1.11799, 0.46325, 1.11799
 0.46325, 1.11799, 0.46325, 1.11593
 0.46325, 1.11593, 0.48207, 1.13475
 0.32613, 1.13475, 0.31525, 1.13475
 0.31525, 1.13475, 0.31525, 1.12387
 0.31525, 1.12387, 0.31579, 1.12589
 0.31579, 1.12589, 0.31780, 1.12936
 0.31780, 1.12936, 0.32064, 1.13220
 0.32064, 1.13220, 0.32411, 1.13421
 0.32411, 1.13421, 0.32613, 1.13475
 0.26525, 1.19145, 0.26579, 1.19346
 0.26579, 1.19346, 0.26683, 1.19526
 0.26683, 1.19526, 0.26525, 1.19368
 0.26525, 1.19368, 0.26525, 1.19145
 0.21525, 1.24145, 0.21579, 1.24346
 0.21579, 1.24346, 0.21683, 1.24526
 0.21683, 1.24526, 0.21525, 1.24368
 0.21525, 1.24368, 0.21525, 1.24145
 0.21160, 1.34166, 0.23305, 1.35054
 0.23305, 1.35054, 0.24946, 1.36695
 0.24946, 1.36695, 0.25834, 1.38840
 0.25834, 1.38840, 0.25834, 1.41160
 0.25834, 1.41160, 0.24946, 1.43305
 0.24946, 1.43305, 0.23305, 1.44946
 0.23305, 1.44946, 0.21160, 1.45834
 0.21160, 1.45834, 0.18840, 1.45834
 0.18840, 1.45834, 0.16695, 1.44946
 0.16695, 1.44946, 0.15054, 1.43305
 0.15054, 1.43305, 0.14166, 1.41160
 0.14166, 1.41160, 0.14166, 1.38840
 0.14166, 1.38840, 0.15054, 1.36695
 0.15054, 1.36695, 0.16695, 1.35054
 0.16695, 1.35054, 0.18840, 1.34166
 0.18840, 1.34166, 0.21160, 1.34166
 0.35473, 1.38317, 0.35654, 1.38421
 0.35654, 1.38421, 0.35855, 1.38475
 0.35855, 1.38475, 0.35632, 1.38475
 0.35632, 1.38475, 0.35473, 1.38317
 0.35473, 1.28317, 0.35654, 1.28421
 0.35654, 1.28421, 0.35855, 1.28475
 0.35855, 1.28475, 0.35632, 1.28475
 0.35632, 1.28475, 0.35473, 1.28317
# pass=3
# preview window width=800 height=600
 0.03380, 0.03757, 0.03113, 0.04218
 0.03113, 0.04218, 0.02975, 0.04733
 0.02975, 0.04733, 0.02975, 1.54167
 0.02975, 1.54167, 0.03113, 1.54682
 0.03113, 1.54682, 0.03380, 1.55144
 0.03380, 1.55144, 0.03757, 1.55521
 0.03757, 1.55521, 0.04218, 1.55788
 0.04218, 1.55788, 0.04733, 1.55926
 0.04733, 1.55926, 0.90267, 1.55926
 0.90267, 1.55926, 0.90782, 1.55788
 0.90782, 1.55788, 0.91243, 1.55521
 0.91243, 1.55521, 0.91620, 1.55144
 0.91620, 1.55144, 0.91887, 1.54682
 0.91887, 1.54682, 0.92025, 1.54167
 0.92025, 1.54167, 0.92025, 0.05267
 0.92025, 0.05267, 0.92025, 0.04733
 0.92025, 0.04733, 0.91887, 0.04218
 0.91887, 0.04218, 0.91620, 0.03757
 0.91620, 0.03757, 0.91243, 0.03380
 0.91243, 0.03380, 0.90782, 0.03113
 0.90782, 0.03113, 0.90267, 0.02975
 0.90267, 0.02975, 0.04733, 0.02975
 0.04733, 0.02975, 0.04218, 0.03113
 0.04218, 0.03113, 0.03757, 0.03380
 0.03757, 0.03380, 0.03380, 0.03757
 0.19954, 0.44225, 0.20333, 0.44225
 0.20333, 0.44225, 0.20989, 0.44121
 0.20989, 0.44121, 0.21191, 0.44055
 0.21191, 0.44055, 0.22975, 0.45839
 0.22975, 0.45839, 0.22975, 0.47000
 0.22975, 0.47000, 0.21750, 0.45775
 0.21750, 0.45775, 0.19788, 0.45775
 0.19788, 0.45775, 0.19820, 0.45698
 0.19820, 0.45698, 0.19887, 0.45582
 0.19887, 0.45582, 0.19922, 0.45452
 0.19922, 0.45452, 0.19973, 0.45329
 0.19973, 0.45329, 0.19990, 0.45196
 0.19990, 0.45196, 0.20025, 0.45067
 0.20025, 0.45067, 0.20025, 0.44933
 0.20025, 0.44933, 0.20042, 0.44800
 0.20042, 0.44800, 0.20025, 0.44667
 0.20025, 0.44667, 0.20025, 0.44533
 0.20025, 0.44533, 0.19990, 0.44404
 0.19990, 0.44404, 0.19973, 0.44271
 0.19973, 0.44271, 0.19954, 0.44225
 0.26887, 0.44218, 0.26620, 0.43757
 0.26620, 0.43757, 0.26243, 0.43380
 0.26243, 0.43380, 0.24055, 0.41191
 0.24055, 0.41191, 0.24121, 0.40989
 0.24121, 0.40989, 0.24225, 0.40333
 0.24225, 0.40333, 0.24225, 0.39954
 0.24225, 0.39954, 0.24271, 0.39973
 0.24271, 0.39973, 0.24404, 0.39990
 0.24404, 0.39990, 0.24533, 0.40025
 0.24533, 0.40025, 0.24667, 0.40025
 0.24667, 0.40025, 0.24800, 0.40042
 0.24800, 0.40042, 0.24933, 0.40025
 0.24933, 0.40025, 0.25067, 0.40025
 0.25067, 0.40025, 0.25196, 0.39990
 0.25196, 0.39990, 0.25329, 0.39973
 0.25329, 0.39973, 0.25452, 0.39922
 0.25452, 0.39922, 0.25582, 0.39887
 0.25582, 0.39887, 0.25698, 0.39820
 0.25698, 0.39820, 0.25775, 0.39788
 0.25775, 0.39788, 0.25775, 0.41750
 0.25775, 0.41750, 0.28250, 0.44225
 0.28250, 0.44225, 0.31750, 0.44225
 0.31750, 0.44225, 0.34225, 0.41750
 0.34225, 0.41750, 0.34225, 0.38639
 0.34225, 0.38639, 0.37498, 0.35366
 0.37498, 0.35366, 0.37556, 0.35582
 0.37556, 0.35582, 0.37814, 0.36029
 0.37814, 0.36029, 0.37822, 0.36043
 0.37822, 0.36043, 0.37902, 0.36123
 0.37902, 0.36123, 0.35775, 0.38250
 0.35775, 0.38250, 0.35775, 0.41361
 0.35775, 0.41361, 0.33757, 0.43380
 0.33757, 0.43380, 0.33380, 0.43757
 0.33380, 0.43757, 0.33113, 0.44218
 0.33113, 0.44218, 0.32975, 0.44733
 0.32975, 0.44733, 0.32975, 0.47000
 0.32975, 0.47000, 0.31750, 0.45775
 0.31750, 0.45775, 0.28250, 0.45775
 0.28250, 0.45775, 0.27025, 0.47000
 0.27025, 0.47000, 0.27025, 0.44733
 0.27025, 0.44733, 0.26887, 0.44218
 0.27025, 0.53000, 0.27975, 0.53950
 0.27975, 0.53950, 0.27975, 1.14733
 0.27975, 1.14733, 0.27975, 1.15218
 0.27975, 1.15218, 0.27733, 1.15218
 0.27733, 1.15218, 0.27487, 1.15284
 0.27487, 1.15284, 0.27218, 1.15356
 0.27218, 1.15356, 0.27025, 1.15467
 0.27025, 1.15467, 0.27025, 0.53000
 0.22975, 0.53000, 0.22975, 1.19733
 0.22975, 1.19733, 0.22975, 1.20218
 0.22975, 1.20218, 0.22733, 1.20218
 0.22733, 1.20218, 0.22218, 1.20356
 0.22218, 1.20356, 0.22025, 1.20467
 0.22025, 1.20467, 0.22025, 0.53950
 0.22025, 0.53950, 0.22975, 0.53000
 0.32975, 0.53000, 0.32975, 0.54733
 0.32975, 0.54733, 0.32975, 0.55218
 0.32975, 0.55218, 0.32733, 0.55218
 0.32733, 0.55218, 0.32218, 0.55356
 0.32218, 0.55356, 0.32025, 0.55467
 0.32025, 0.55467, 0.32025, 0.53950
 0.32025, 0.53950, 0.32975, 0.53000
 0.37025, 0.53000, 0.37902, 0.53877
 0.37902, 0.53877, 0.37822, 0.53957
 0.37822, 0.53957, 0.37556, 0.54418
 0.37556, 0.54418, 0.37498, 0.54634
 0.37498, 0.54634, 0.37025, 0.54161
 0.37025, 0.54161, 0.37025, 0.53000
 0.37025, 0.47000, 0.37025, 0.45839
 0.37025, 0.45839, 0.38639, 0.44225
 0.38639, 0.44225, 0.40465, 0.44225
 0.40465, 0.44225, 0.40329, 0.44733
 0.40329, 0.44733, 0.40329, 0.45267
 0.40329, 0.45267, 0.40367, 0.45410
 0.40367, 0.45410, 0.40465, 0.45775
 0.40465, 0.45775, 0.38250, 0.45775
 0.38250, 0.45775, 0.37025, 0.47000
 0.65478, 0.33022, 0.64666, 0.31061
 0.64666, 0.31061, 0.64666, 0.28939
 0.64666, 0.28939, 0.65478, 0.26978
 0.65478, 0.26978, 0.66978, 0.25478
 0.66978, 0.25478, 0.68939, 0.24666
 0.68939, 0.24666, 0.71061, 0.24666
 0.71061, 0.24666, 0.73021, 0.25478
 0.73021, 0.25478, 0.74522, 0.26978
 0.74522, 0.26978, 0.75334, 0.28939
 0.75334, 0.28939, 0.75334, 0.31061
 0.75334, 0.31061, 0.74522, 0.33022
 0.74522, 0.33022, 0.73022, 0.34522
 0.73022, 0.34522, 0.71061, 0.35334
 0.71061, 0.35334, 0.68939, 0.35334
 0.68939, 0.35334, 0.66978, 0.34522
 0.66978, 0.34522, 0.65478, 0.33022
 0.55775, 1.09535, 0.55775, 1.11750
 0.55775, 1.11750, 0.58250, 1.14225
 0.58250, 1.14225, 0.60465, 1.14225
 0.60465, 1.14225, 0.60364, 1.14601
 0.60364, 1.14601, 0.60329, 1.14733
 0.60329, 1.14733, 0.60329, 1.15267
 0.60329, 1.15267, 0.60465, 1.15775
 0.60465, 1.15775, 0.58639, 1.15775
 0.58639, 1.15775, 0.56243, 1.13380
 0.56243, 1.13380, 0.55782, 1.13113
 0.55782, 1.13113, 0.55267, 1.12975
 0.55267, 1.12975, 0.53000, 1.12975
 0.53000, 1.12975, 0.54225, 1.11750
 0.54225, 1.11750, 0.54225, 1.09535
 0.54225, 1.09535, 0.54733, 1.09671
 0.54733, 1.09671, 0.55267, 1.09671
 0.55267, 1.09671, 0.55775, 1.09535
 0.55775, 1.18639, 0.55775, 1.21750
 0.55775, 1.21750, 0.57000, 1.22975
 0.57000, 1.22975, 0.55839, 1.22975
 0.55839, 1.22975, 0.54225, 1.21361
 0.54225, 1.21361, 0.54225, 1.18250
 0.54225, 1.18250, 0.53000, 1.17025
 0.53000, 1.17025, 0.54161, 1.17025
 0.54161, 1.17025, 0.55775, 1.18639
 0.56576, 1.27025, 0.57000, 1.27025
 0.57000, 1.27025, 0.56718, 1.27307
 0.56718, 1.27307, 0.56703, 1.27278
 0.56703, 1.27278, 0.56687, 1.27218
 0.56687, 1.27218, 0.56584, 1.27040
 0.56584, 1.27040, 0.56576, 1.27025
 0.55775, 1.29777, 0.55775, 1.30212
 0.55775, 1.30212, 0.55698, 1.30180
 0.55698, 1.30180, 0.55582, 1.30113
 0.55582, 1.30113, 0.55452, 1.30078
 0.55452, 1.30078, 0.55329, 1.30027
 0.55329, 1.30027, 0.55196, 1.30010
 0.55196, 1.30010, 0.55160, 1.30000
 0.55160, 1.30000, 0.55265, 1.29972
 0.55265, 1.29972, 0.55467, 1.29930
 0.55467, 1.29930, 0.55522, 1.29903
 0.55522, 1.29903, 0.55582, 1.29887
 0.55582, 1.29887, 0.55760, 1.29784
 0.55760, 1.29784, 0.55775, 1.29777
 0.54419, 1.30006, 0.54404, 1.30010
 0.54404, 1.30010, 0.54271, 1.30027
 0.54271, 1.30027, 0.54225, 1.30046
 0.54225, 1.30046, 0.54225, 1.29943
 0.54225, 1.29943, 0.54413, 1.30005
 0.54413, 1.30005, 0.54419, 1.30006
 0.53010, 1.27035, 0.52752, 1.26777
 0.52752, 1.26777, 0.52214, 1.26386
 0.52214, 1.26386, 0.51622, 1.26085
 0.51622, 1.26085, 0.50989, 1.25879
 0.50989, 1.25879, 0.50333, 1.25775
 0.50333, 1.25775, 0.49954, 1.25775
 0.49954, 1.25775, 0.49973, 1.25729
 0.49973, 1.25729, 0.49990, 1.25596
 0.49990, 1.25596, 0.50025, 1.25467
 0.50025, 1.25467, 0.50025, 1.25333
 0.50025, 1.25333, 0.50042, 1.25200
 0.50042, 1.25200, 0.50025, 1.25067
 0.50025, 1.25067, 0.50025, 1.24933
 0.50025, 1.24933, 0.49990, 1.24804
 0.49990, 1.24804, 0.49973, 1.24671
 0.49973, 1.24671, 0.49922, 1.24548
 0.49922, 1.24548, 0.49887, 1.24418
 0.49887, 1.24418, 0.49820, 1.24302
 0.49820, 1.24302, 0.49788, 1.24225
 0.49788, 1.24225, 0.51361, 1.24225
 0.51361, 1.24225, 0.53536, 1.26400
 0.53536, 1.26400, 0.53411, 1.26525
 0.53411, 1.26525, 0.53257, 1.26662
 0.53257, 1.26662, 0.53223, 1.26713
 0.53223, 1.26713, 0.53180, 1.26757
 0.53180, 1.26757, 0.53077, 1.26935
 0.53077, 1.26935, 0.53010, 1.27035
 0.63000, 1.27025, 0.63425, 1.27025
 0.63425, 1.27025, 0.63313, 1.27218
 0.63313, 1.27218, 0.63288, 1.27313
 0.63288, 1.27313, 0.63000, 1.27025
 0.63000, 1.22975, 0.63288, 1.22687
 0.63288, 1.22687, 0.63313, 1.22782
 0.63313, 1.22782, 0.63425, 1.22975
 0.63425, 1.22975, 0.63000, 1.22975
 0.47000, 1.17025, 0.46712, 1.17313
 0.46712, 1.17313, 0.46687, 1.17218
 0.46687, 1.17218, 0.46575, 1.17025
 0.46575, 1.17025, 0.47000, 1.17025
 0.47000, 1.12975, 0.46575, 1.12975
 0.46575, 1.12975, 0.46687, 1.12782
 0.46687, 1.12782, 0.46712, 1.12687
 0.46712, 1.12687, 0.47000, 1.12975
 0.24522, 1.36978, 0.25334, 1.38939
 0.25334, 1.38939, 0.25334, 1.41061
 0.25334, 1.41061, 0.24522, 1.43021
 0.24522, 1.43021, 0.23021, 1.44522
 0.23021, 1.44522, 0.21061, 1.45334
 0.21061, 1.45334, 0.18939, 1.45334
 0.18939, 1.45334, 0.16978, 1.44522
 0.16978, 1.44522, 0.15478, 1.43021
 0.15478, 1.43021, 0.14666, 1.41061
 0.14666, 1.41061, 0.14666, 1.38939
 0.14666, 1.38939, 0.15478, 1.36978
 0.15478, 1.36978, 0.16978, 1.35478
 0.16978, 1.35478, 0.18939, 1.34666
 0.18939, 1.34666, 0.21061, 1.34666
 0.21061, 1.34666, 0.23022, 1.35478
 0.23022, 1.35478, 0.24522, 1.36978
# pass=4
# preview window width=800 height=600
 0.03039, 0.03390, 0.02762, 0.03804
 0.02762, 0.03804, 0.02572, 0.04263
 0.02572, 0.04263, 0.02475, 0.04751
 0.02475, 0.04751, 0.02475, 1.54149
 0.02475, 1.54149, 0.02572, 1.54637
 0.02572, 1.54637, 0.02762, 1.55097
 0.02762, 1.55097, 0.03039, 1.55510
 0.03039, 1.55510, 0.03390, 1.55862
 0.03390, 1.55862, 0.03804, 1.56138
 0.03804, 1.56138, 0.04263, 1.56329
 0.04263, 1.56329, 0.04751, 1.56426
 0.04751, 1.56426, 0.90249, 1.56426
 0.90249, 1.56426, 0.90737, 1.56329
 0.90737, 1.56329, 0.91196, 1.56138
 0.91196, 1.56138, 0.91610, 1.55862
 0.91610, 1.55862, 0.91961, 1.55510
 0.91961, 1.55510, 0.92238, 1.55097
 0.92238, 1.55097, 0.92428, 1.54637
 0.92428, 1.54637, 0.92525, 1.54149
 0.92525, 1.54149, 0.92525, 0.05249
 0.92525, 0.05249, 0.92525, 0.04751
 0.92525, 0.04751, 0.92428, 0.04263
 0.92428, 0.04263, 0.92238, 0.03804
 0.92238, 0.03804, 0.91961, 0.03390
 0.91961, 0.03390, 0.91610, 0.03039
 0.91610, 0.03039, 0.91196, 0.02762
 0.91196, 0.02762, 0.90737, 0.02572
 0.90737, 0.02572, 0.90709, 0.02567
 0.90709, 0.02567, 0.90249, 0.02475
 0.90249, 0.02475, 0.90249, 0.02475
 0.90249, 0.02475, 0.04751, 0.02475
 0.04751, 0.02475, 0.04263, 0.02572
 0.04263, 0.02572, 0.03804, 0.02762
 0.03804, 0.02762, 0.03390, 0.03039
 0.03390, 0.03039, 0.03039, 0.03390
 0.20525, 0.44701, 0.21047, 0.44618
 0.21047, 0.44618, 0.21704, 0.45275
 0.21704, 0.45275, 0.20480, 0.45275
 0.20480, 0.45275, 0.20525, 0.45049
 0.20525, 0.45049, 0.20525, 0.44701
 0.27525, 0.44751, 0.27428, 0.44263
 0.27428, 0.44263, 0.27319, 0.44002
 0.27319, 0.44002, 0.28043, 0.44725
 0.28043, 0.44725, 0.31957, 0.44725
 0.31957, 0.44725, 0.32681, 0.44002
 0.32681, 0.44002, 0.32572, 0.44263
 0.32572, 0.44263, 0.32475, 0.44751
 0.32475, 0.44751, 0.32475, 0.45793
 0.32475, 0.45793, 0.31957, 0.45275
 0.31957, 0.45275, 0.28043, 0.45275
 0.28043, 0.45275, 0.27525, 0.45793
 0.27525, 0.45793, 0.27525, 0.44751
 0.25275, 0.41704, 0.24618, 0.41047
 0.24618, 0.41047, 0.24701, 0.40525
 0.24701, 0.40525, 0.25049, 0.40525
 0.25049, 0.40525, 0.25275, 0.40480
 0.25275, 0.40480, 0.25275, 0.41704
 0.34725, 0.41704, 0.34725, 0.38846
 0.34725, 0.38846, 0.35275, 0.38296
 0.35275, 0.38296, 0.35275, 0.41154
 0.35275, 0.41154, 0.34725, 0.41704
 0.38296, 0.45275, 0.38846, 0.44725
 0.38846, 0.44725, 0.39834, 0.44725
 0.39834, 0.44725, 0.39829, 0.44751
 0.39829, 0.44751, 0.39829, 0.45249
 0.39829, 0.45249, 0.39834, 0.45275
 0.39834, 0.45275, 0.38296, 0.45275
 0.65902, 0.32738, 0.65166, 0.30962
 0.65166, 0.30962, 0.65166, 0.29038
 0.65166, 0.29038, 0.65902, 0.27262
 0.65902, 0.27262, 0.67262, 0.25902
 0.67262, 0.25902, 0.69038, 0.25166
 0.69038, 0.25166, 0.70962, 0.25166
 0.70962, 0.25166, 0.72738, 0.25902
 0.72738, 0.25902, 0.74098, 0.27262
 0.74098, 0.27262, 0.74834, 0.29038
 0.74834, 0.29038, 0.74834, 0.30962
 0.74834, 0.30962, 0.74098, 0.32738
 0.74098, 0.32738, 0.72738, 0.34098
 0.72738, 0.34098, 0.70962, 0.34834
 0.70962, 0.34834, 0.69038, 0.34834
 0.69038, 0.34834, 0.67262, 0.34098
 0.67262, 0.34098, 0.65902, 0.32738
 0.55275, 1.10166, 0.55275, 1.11957
 0.55275, 1.11957, 0.55998, 1.12680
 0.55998, 1.12680, 0.55737, 1.12572
 0.55737, 1.12572, 0.55249, 1.12475
 0.55249, 1.12475, 0.54207, 1.12475
 0.54207, 1.12475, 0.54725, 1.11957
 0.54725, 1.11957, 0.54725, 1.10166
 0.54725, 1.10166, 0.54751, 1.10171
 0.54751, 1.10171, 0.55249, 1.10171
 0.55249, 1.10171, 0.55275, 1.10166
 0.58296, 1.14725, 0.59834, 1.14725
 0.59834, 1.14725, 0.59829, 1.14751
 0.59829, 1.14751, 0.59829, 1.15249
 0.59829, 1.15249, 0.59834, 1.15275
 0.59834, 1.15275, 0.58846, 1.15275
 0.58846, 1.15275, 0.58296, 1.14725
 0.54725, 1.18296, 0.55275, 1.18846
 0.55275, 1.18846, 0.55275, 1.21704
 0.55275, 1.21704, 0.54725, 1.21154
 0.54725, 1.21154, 0.54725, 1.18296
 0.52296, 1.25867, 0.51814, 1.25621
 0.51814, 1.25621, 0.51106, 1.25391
 0.51106, 1.25391, 0.50525, 1.25299
 0.50525, 1.25299, 0.50525, 1.24951
 0.50525, 1.24951, 0.50480, 1.24725
 0.50480, 1.24725, 0.51154, 1.24725
 0.51154, 1.24725, 0.52296, 1.25867
 0.24098, 1.37262, 0.24834, 1.39038
 0.24834, 1.39038, 0.24834, 1.40962
 0.24834, 1.40962, 0.24098, 1.42738
 0.24098, 1.42738, 0.22738, 1.44098
 0.22738, 1.44098, 0.20962, 1.44834
 0.20962, 1.44834, 0.19038, 1.44834
 0.19038, 1.44834, 0.17262, 1.44098
 0.17262, 1.44098, 0.15902, 1.42738
 0.15902, 1.42738, 0.15166, 1.40962
 0.15166, 1.40962, 0.15166, 1.39038
 0.15166, 1.39038, 0.15902, 1.37262
 0.15902, 1.37262, 0.17262, 1.35902
 0.17262, 1.35902, 0.19038, 1.35166
 0.19038, 1.35166, 0.20962, 1.35166
 0.20962, 1.35166, 0.22738, 1.35902
 0.22738, 1.35902, 0.24098, 1.37262
# pass=5
# preview window width=800 height=600
 0.02650, 0.03072, 0.02319, 0.03567
 0.02319, 0.03567, 0.02091, 0.04118
 0.02091, 0.04118, 0.01975, 0.04702
 0.01975, 0.04702, 0.01975, 1.54199
 0.01975, 1.54199, 0.02091, 1.54783
 0.02091, 1.54783, 0.02319, 1.55334
 0.02319, 1.55334, 0.02650, 1.55829
 0.02650, 1.55829, 0.03072, 1.56250
 0.03072, 1.56250, 0.03567, 1.56581
 0.03567, 1.56581, 0.04118, 1.56810
 0.04118, 1.56810, 0.04702, 1.56926
 0.04702, 1.56926, 0.90298, 1.56926
 0.90298, 1.56926, 0.90882, 1.56810
 0.90882, 1.56810, 0.91433, 1.56581
 0.91433, 1.56581, 0.91928, 1.56250
 0.91928, 1.56250, 0.92350, 1.55829
 0.92350, 1.55829, 0.92681, 1.55334
 0.92681, 1.55334, 0.92909, 1.54783
 0.92909, 1.54783, 0.93025, 1.54199
 0.93025, 1.54199, 0.93025, 0.05298
 0.93025, 0.05298, 0.93025, 0.04702
 0.93025, 0.04702, 0.92909, 0.04118
 0.92909, 0.04118, 0.92681, 0.03567
 0.92681, 0.03567, 0.92350, 0.03072
 0.92350, 0.03072, 0.91928, 0.02650
 0.91928, 0.02650, 0.91433, 0.02319
 0.91433, 0.02319, 0.90882, 0.02091
 0.90882, 0.02091, 0.90298, 0.01975
 0.90298, 0.01975, 0.04702, 0.01975
 0.04702, 0.01975, 0.04118, 0.02091
 0.04118, 0.02091, 0.03567, 0.02319
 0.03567, 0.02319, 0.03072, 0.02650
 0.03072, 0.02650, 0.02650, 0.03072
 0.67545, 0.26326, 0.69138, 0.25666
 0.69138, 0.25666, 0.70862, 0.25666
 0.70862, 0.25666, 0.72455, 0.26326
 0.72455, 0.26326, 0.73674, 0.27545
 0.73674, 0.27545, 0.74334, 0.29138
 0.74334, 0.29138, 0.74334, 0.30862
 0.74334, 0.30862, 0.73674, 0.32455
 0.73674, 0.32455, 0.72455, 0.33674
 0.72455, 0.33674, 0.70862, 0.34334
 0.70862, 0.34334, 0.69138, 0.34334
 0.69138, 0.34334, 0.67545, 0.33674
 0.67545, 0.33674, 0.66326, 0.32455
 0.66326, 0.32455, 0.65666, 0.30862
 0.65666, 0.30862, 0.65666, 0.29138
 0.65666, 0.29138, 0.66326, 0.27545
 0.66326, 0.27545, 0.67545, 0.26326
 0.23674, 1.37545, 0.24334, 1.39138
 0.24334, 1.39138, 0.24334, 1.40862
 0.24334, 1.40862, 0.23674, 1.42455
 0.23674, 1.42455, 0.22455, 1.43674
 0.22455, 1.43674, 0.20862, 1.44334
 0.20862, 1.44334, 0.19138, 1.44334
 0.19138, 1.44334, 0.17545, 1.43674
 0.17545, 1.43674, 0.16326, 1.42455
 0.16326, 1.42455, 0.15666, 1.40862
 0.15666, 1.40862, 0.15666, 1.39138
 0.15666, 1.39138, 0.16326, 1.37545
 0.16326, 1.37545, 0.17545, 1.36326
 0.17545, 1.36326, 0.19138, 1.35666
 0.19138, 1.35666, 0.20862, 1.35666
 0.20862, 1.35666, 0.22455, 1.36326
 0.22455, 1.36326, 0.23674, 1.37545
# spot drills
 0.67441, 0.27441, 0.72559, 0.32559
 0.67441, 0.32559, 0.72559, 0.27441
 0.17441, 1.37441, 0.22559, 1.42559
 0.17441, 1.42559, 0.22559, 1.37441
 0.18000, 0.38000, 0.22000, 0.42000
 0.18000, 0.42000, 0.22000, 0.38000
 0.18000, 0.48000, 0.22000, 0.52000
 0.18000, 0.52000, 0.22000, 0.48000
 0.28000, 0.38000, 0.32000, 0.42000
 0.28000, 0.42000, 0.32000, 0.38000
 0.28000, 0.48000, 0.32000, 0.52000
 0.28000, 0.52000, 0.32000, 0.48000
 0.38000, 0.38000, 0.42000, 0.42000
 0.38000, 0.42000, 0.42000, 0.38000
 0.38000, 0.48000, 0.42000, 0.52000
 0.38000, 0.52000, 0.42000, 0.48000
 0.48000, 1.28000, 0.52000, 1.32000
 0.48000, 1.32000, 0.52000, 1.28000
 0.58000, 1.28000, 0.62000, 1.32000
 0.58000, 1.32000, 0.62000, 1.28000
 0.48000, 1.18000, 0.52000, 1.22000
 0.48000, 1.22000, 0.52000, 1.18000
 0.58000, 1.18000, 0.62000, 1.22000
 0.58000, 1.22000, 0.62000, 1.18000
 0.48000, 1.08000, 0.52000, 1.12000
 0.48000, 1.12000, 0.52000, 1.08000
 0.58000, 1.08000, 0.62000, 1.12000
 0.58000, 1.12000, 0.62000, 1.08000
