# board=.../SMM Test Jig/CPLD_probe.top.etch.tap
# tool size=0.002500
# pass=1
# preview window width=800 height=600
 0.04180, 0.04371, 0.04045, 0.04604
 0.04045, 0.04604, 0.03975, 0.04865
 0.03975, 0.04865, 0.03975, 0.05135
 0.03975, 0.05135, 0.03975, 1.33766
 0.03975, 1.33766, 0.03975, 1.34036
 0.03975, 1.34036, 0.04045, 1.34296
 0.04045, 1.34296, 0.04180, 1.34530
 0.04180, 1.34530, 0.04371, 1.34721
 0.04371, 1.34721, 0.04604, 1.34856
 0.04604, 1.34856, 0.04865, 1.34926
 0.04865, 1.34926, 0.65135, 1.34926
 0.65135, 1.34926, 0.65396, 1.34856
 0.65396, 1.34856, 0.65629, 1.34721
 0.65629, 1.34721, 0.65820, 1.34530
 0.65820, 1.34530, 0.65955, 1.34296
 0.65955, 1.34296, 0.66025, 1.34036
 0.66025, 1.34036, 0.66025, 0.05135
 0.66025, 0.05135, 0.66025, 0.04865
 0.66025, 0.04865, 0.65955, 0.04604
 0.65955, 0.04604, 0.65820, 0.04371
 0.65820, 0.04371, 0.65629, 0.04180
 0.65629, 0.04180, 0.65396, 0.04045
 0.65396, 0.04045, 0.65135, 0.03975
 0.65135, 0.03975, 0.04865, 0.03975
 0.04865, 0.03975, 0.04604, 0.04045
 0.04604, 0.04045, 0.04371, 0.04180
 0.04371, 0.04180, 0.04180, 0.04371
 0.22238, 0.25867, 0.24030, 0.25125
 0.24030, 0.25125, 0.25970, 0.25125
 0.25970, 0.25125, 0.27761, 0.25867
 0.27761, 0.25867, 0.29180, 0.27286
 0.29180, 0.27286, 0.29371, 0.27476
 0.29371, 0.27476, 0.29604, 0.27611
 0.29604, 0.27611, 0.29865, 0.27681
 0.29865, 0.27681, 0.30135, 0.27681
 0.30135, 0.27681, 0.30138, 0.27680
 0.30138, 0.27680, 0.30396, 0.27611
 0.30396, 0.27611, 0.30629, 0.27476
 0.30629, 0.27476, 0.30817, 0.27288
 0.30817, 0.27288, 0.32981, 0.25125
 0.32981, 0.25125, 0.37335, 0.25125
 0.37335, 0.25125, 0.37596, 0.25055
 0.37596, 0.25055, 0.37829, 0.24920
 0.37829, 0.24920, 0.38020, 0.24729
 0.38020, 0.24729, 0.38155, 0.24496
 0.38155, 0.24496, 0.38225, 0.24235
 0.38225, 0.24235, 0.38225, 0.19647
 0.38225, 0.19647, 0.38495, 0.18995
 0.38495, 0.18995, 0.38995, 0.18495
 0.38995, 0.18495, 0.39647, 0.18225
 0.39647, 0.18225, 0.43127, 0.18225
 0.43127, 0.18225, 0.43387, 0.18155
 0.43387, 0.18155, 0.43621, 0.18020
 0.43621, 0.18020, 0.43655, 0.17987
 0.43655, 0.17987, 0.44528, 0.17625
 0.44528, 0.17625, 0.45472, 0.17625
 0.45472, 0.17625, 0.46345, 0.17987
 0.46345, 0.17987, 0.62013, 0.33655
 0.62013, 0.33655, 0.62375, 0.34528
 0.62375, 0.34528, 0.62375, 0.90472
 0.62375, 0.90472, 0.62013, 0.91345
 0.62013, 0.91345, 0.61345, 0.92013
 0.61345, 0.92013, 0.60472, 0.92375
 0.60472, 0.92375, 0.60425, 0.92375
 0.60425, 0.92375, 0.60164, 0.92445
 0.60164, 0.92445, 0.59930, 0.92580
 0.59930, 0.92580, 0.59788, 0.92723
 0.59788, 0.92723, 0.59740, 0.92771
 0.59740, 0.92771, 0.51005, 1.01505
 0.51005, 1.01505, 0.50353, 1.01775
 0.50353, 1.01775, 0.46625, 1.01775
 0.46625, 1.01775, 0.46364, 1.01845
 0.46364, 1.01845, 0.46130, 1.01980
 0.46130, 1.01980, 0.45940, 1.02171
 0.45940, 1.02171, 0.45805, 1.02404
 0.45805, 1.02404, 0.45735, 1.02665
 0.45735, 1.02665, 0.45735, 1.02935
 0.45735, 1.02935, 0.45805, 1.03196
 0.45805, 1.03196, 0.45940, 1.03429
 0.45940, 1.03429, 0.46002, 1.03492
 0.46002, 1.03492, 0.46130, 1.03620
 0.46130, 1.03620, 0.49868, 1.07358
 0.49868, 1.07358, 0.49930, 1.07420
 0.49930, 1.07420, 0.49933, 1.07422
 0.49933, 1.07422, 0.50164, 1.07555
 0.50164, 1.07555, 0.50422, 1.07624
 0.50422, 1.07624, 0.50425, 1.07625
 0.50425, 1.07625, 0.50472, 1.07625
 0.50472, 1.07625, 0.51345, 1.07987
 0.51345, 1.07987, 0.52013, 1.08655
 0.52013, 1.08655, 0.52375, 1.09528
 0.52375, 1.09528, 0.52375, 1.15472
 0.52375, 1.15472, 0.52013, 1.16345
 0.52013, 1.16345, 0.42253, 1.26106
 0.42253, 1.26106, 0.41345, 1.27013
 0.41345, 1.27013, 0.40472, 1.27375
 0.40472, 1.27375, 0.14528, 1.27375
 0.14528, 1.27375, 0.13655, 1.27013
 0.13655, 1.27013, 0.08894, 1.22253
 0.08894, 1.22253, 0.07987, 1.21345
 0.07987, 1.21345, 0.07625, 1.20472
 0.07625, 1.20472, 0.07625, 0.44528
 0.07625, 0.44528, 0.07987, 0.43655
 0.07987, 0.43655, 0.08655, 0.42987
 0.08655, 0.42987, 0.09528, 0.42625
 0.09528, 0.42625, 0.09575, 0.42625
 0.09575, 0.42625, 0.09836, 0.42555
 0.09836, 0.42555, 0.10070, 0.42420
 0.10070, 0.42420, 0.20002, 0.32488
 0.20002, 0.32488, 0.20056, 0.32447
 0.20056, 0.32447, 0.20097, 0.32393
 0.20097, 0.32393, 0.20145, 0.32345
 0.20145, 0.32345, 0.20179, 0.32286
 0.20179, 0.32286, 0.20220, 0.32233
 0.20220, 0.32233, 0.20246, 0.32170
 0.20246, 0.32170, 0.20280, 0.32111
 0.20280, 0.32111, 0.20297, 0.32046
 0.20297, 0.32046, 0.20323, 0.31983
 0.20323, 0.31983, 0.20332, 0.31916
 0.20332, 0.31916, 0.20350, 0.31851
 0.20350, 0.31851, 0.20350, 0.31783
 0.20350, 0.31783, 0.20358, 0.31716
 0.20358, 0.31716, 0.20350, 0.31648
 0.20350, 0.31648, 0.20350, 0.31581
 0.20350, 0.31581, 0.20332, 0.31515
 0.20332, 0.31515, 0.20323, 0.31448
 0.20323, 0.31448, 0.20297, 0.31386
 0.20297, 0.31386, 0.20280, 0.31320
 0.20280, 0.31320, 0.20246, 0.31261
 0.20246, 0.31261, 0.20125, 0.30970
 0.20125, 0.30970, 0.20125, 0.29030
 0.20125, 0.29030, 0.20867, 0.27238
 0.20867, 0.27238, 0.22238, 0.25867
 0.22498, 0.26951, 0.21951, 0.27498
 0.21951, 0.27498, 0.21522, 0.28141
 0.21522, 0.28141, 0.21226, 0.28855
 0.21226, 0.28855, 0.21075, 0.29613
 0.21075, 0.29613, 0.21075, 0.30387
 0.21075, 0.30387, 0.21226, 0.31145
 0.21226, 0.31145, 0.21522, 0.31859
 0.21522, 0.31859, 0.21703, 0.32130
 0.21703, 0.32130, 0.10243, 0.43590
 0.10243, 0.43590, 0.10188, 0.43575
 0.10188, 0.43575, 0.09812, 0.43575
 0.09812, 0.43575, 0.09450, 0.43672
 0.09450, 0.43672, 0.09125, 0.43860
 0.09125, 0.43860, 0.08860, 0.44125
 0.08860, 0.44125, 0.08672, 0.44450
 0.08672, 0.44450, 0.08575, 0.44812
 0.08575, 0.44812, 0.08575, 1.20188
 0.08575, 1.20188, 0.08672, 1.20550
 0.08672, 1.20550, 0.08860, 1.20875
 0.08860, 1.20875, 0.09125, 1.21140
 0.09125, 1.21140, 0.14125, 1.26140
 0.14125, 1.26140, 0.14450, 1.26328
 0.14450, 1.26328, 0.14812, 1.26425
 0.14812, 1.26425, 0.40188, 1.26425
 0.40188, 1.26425, 0.40550, 1.26328
 0.40550, 1.26328, 0.40875, 1.26140
 0.40875, 1.26140, 0.41140, 1.25875
 0.41140, 1.25875, 0.51140, 1.15875
 0.51140, 1.15875, 0.51328, 1.15550
 0.51328, 1.15550, 0.51425, 1.15188
 0.51425, 1.15188, 0.51425, 1.09812
 0.51425, 1.09812, 0.51328, 1.09450
 0.51328, 1.09450, 0.51140, 1.09125
 0.51140, 1.09125, 0.50875, 1.08860
 0.50875, 1.08860, 0.50550, 1.08672
 0.50550, 1.08672, 0.50188, 1.08575
 0.50188, 1.08575, 0.49812, 1.08575
 0.49812, 1.08575, 0.49757, 1.08590
 0.49757, 1.08590, 0.45467, 1.04301
 0.45467, 1.04301, 0.45164, 1.04175
 0.45164, 1.04175, 0.34836, 1.04175
 0.34836, 1.04175, 0.34533, 1.04301
 0.34533, 1.04301, 0.34301, 1.04533
 0.34301, 1.04533, 0.32130, 1.06703
 0.32130, 1.06703, 0.31859, 1.06522
 0.31859, 1.06522, 0.31145, 1.06226
 0.31145, 1.06226, 0.30387, 1.06075
 0.30387, 1.06075, 0.29613, 1.06075
 0.29613, 1.06075, 0.28855, 1.06226
 0.28855, 1.06226, 0.28141, 1.06522
 0.28141, 1.06522, 0.27498, 1.06951
 0.27498, 1.06951, 0.26951, 1.07498
 0.26951, 1.07498, 0.26522, 1.08141
 0.26522, 1.08141, 0.26226, 1.08855
 0.26226, 1.08855, 0.26075, 1.09613
 0.26075, 1.09613, 0.26075, 1.10387
 0.26075, 1.10387, 0.26226, 1.11145
 0.26226, 1.11145, 0.26522, 1.11859
 0.26522, 1.11859, 0.26951, 1.12502
 0.26951, 1.12502, 0.27498, 1.13049
 0.27498, 1.13049, 0.28141, 1.13478
 0.28141, 1.13478, 0.28855, 1.13774
 0.28855, 1.13774, 0.29613, 1.13925
 0.29613, 1.13925, 0.30387, 1.13925
 0.30387, 1.13925, 0.31145, 1.13774
 0.31145, 1.13774, 0.31859, 1.13478
 0.31859, 1.13478, 0.32502, 1.13049
 0.32502, 1.13049, 0.33049, 1.12502
 0.33049, 1.12502, 0.33478, 1.11859
 0.33478, 1.11859, 0.33774, 1.11145
 0.33774, 1.11145, 0.33925, 1.10387
 0.33925, 1.10387, 0.33925, 1.09613
 0.33925, 1.09613, 0.33774, 1.08855
 0.33774, 1.08855, 0.33478, 1.08141
 0.33478, 1.08141, 0.33297, 1.07870
 0.33297, 1.07870, 0.35342, 1.05825
 0.35342, 1.05825, 0.44658, 1.05825
 0.44658, 1.05825, 0.48590, 1.09757
 0.48590, 1.09757, 0.48575, 1.09812
 0.48575, 1.09812, 0.48575, 1.14410
 0.48575, 1.14410, 0.39410, 1.23575
 0.39410, 1.23575, 0.15590, 1.23575
 0.15590, 1.23575, 0.11425, 1.19410
 0.11425, 1.19410, 0.11425, 0.44812
 0.11425, 0.44812, 0.11410, 0.44757
 0.11410, 0.44757, 0.22870, 0.33297
 0.22870, 0.33297, 0.23141, 0.33478
 0.23141, 0.33478, 0.23855, 0.33774
 0.23855, 0.33774, 0.24613, 0.33925
 0.24613, 0.33925, 0.25387, 0.33925
 0.25387, 0.33925, 0.26145, 0.33774
 0.26145, 0.33774, 0.26859, 0.33478
 0.26859, 0.33478, 0.27502, 0.33049
 0.27502, 0.33049, 0.28049, 0.32502
 0.28049, 0.32502, 0.28478, 0.31859
 0.28478, 0.31859, 0.28774, 0.31145
 0.28774, 0.31145, 0.28925, 0.30387
 0.28925, 0.30387, 0.28925, 0.29613
 0.28925, 0.29613, 0.28774, 0.28855
 0.28774, 0.28855, 0.28478, 0.28141
 0.28478, 0.28141, 0.28049, 0.27498
 0.28049, 0.27498, 0.27502, 0.26951
 0.27502, 0.26951, 0.26859, 0.26522
 0.26859, 0.26522, 0.26145, 0.26226
 0.26145, 0.26226, 0.25387, 0.26075
 0.25387, 0.26075, 0.24613, 0.26075
 0.24613, 0.26075, 0.23855, 0.26226
 0.23855, 0.26226, 0.23141, 0.26522
 0.23141, 0.26522, 0.22498, 0.26951
 0.23374, 0.36075, 0.21075, 0.38374
 0.21075, 0.38374, 0.21075, 0.41626
 0.21075, 0.41626, 0.21641, 0.42192
 0.21641, 0.42192, 0.15243, 0.48590
 0.15243, 0.48590, 0.15188, 0.48575
 0.15188, 0.48575, 0.14812, 0.48575
 0.14812, 0.48575, 0.14450, 0.48672
 0.14450, 0.48672, 0.14125, 0.48860
 0.14125, 0.48860, 0.13860, 0.49125
 0.13860, 0.49125, 0.13672, 0.49450
 0.13672, 0.49450, 0.13575, 0.49812
 0.13575, 0.49812, 0.13575, 1.15188
 0.13575, 1.15188, 0.13672, 1.15550
 0.13672, 1.15550, 0.13860, 1.15875
 0.13860, 1.15875, 0.18860, 1.20875
 0.18860, 1.20875, 0.19125, 1.21140
 0.19125, 1.21140, 0.19450, 1.21328
 0.19450, 1.21328, 0.19812, 1.21425
 0.19812, 1.21425, 0.35188, 1.21425
 0.35188, 1.21425, 0.35550, 1.21328
 0.35550, 1.21328, 0.35875, 1.21140
 0.35875, 1.21140, 0.41140, 1.15875
 0.41140, 1.15875, 0.41328, 1.15550
 0.41328, 1.15550, 0.41425, 1.15188
 0.41425, 1.15188, 0.41425, 1.14812
 0.41425, 1.14812, 0.41328, 1.14450
 0.41328, 1.14450, 0.41140, 1.14125
 0.41140, 1.14125, 0.40940, 1.13925
 0.40940, 1.13925, 0.41626, 1.13925
 0.41626, 1.13925, 0.43925, 1.11626
 0.43925, 1.11626, 0.43925, 1.08374
 0.43925, 1.08374, 0.41626, 1.06075
 0.41626, 1.06075, 0.38374, 1.06075
 0.38374, 1.06075, 0.36075, 1.08374
 0.36075, 1.08374, 0.36075, 1.11626
 0.36075, 1.11626, 0.38374, 1.13925
 0.38374, 1.13925, 0.39060, 1.13925
 0.39060, 1.13925, 0.34410, 1.18575
 0.34410, 1.18575, 0.20590, 1.18575
 0.20590, 1.18575, 0.16425, 1.14410
 0.16425, 1.14410, 0.16425, 0.49812
 0.16425, 0.49812, 0.16410, 0.49757
 0.16410, 0.49757, 0.22808, 0.43359
 0.22808, 0.43359, 0.23374, 0.43925
 0.23374, 0.43925, 0.26626, 0.43925
 0.26626, 0.43925, 0.28925, 0.41626
 0.28925, 0.41626, 0.28925, 0.38374
 0.28925, 0.38374, 0.26626, 0.36075
 0.26626, 0.36075, 0.23374, 0.36075
 0.19729, 0.39040, 0.19496, 0.38905
 0.19496, 0.38905, 0.19235, 0.38835
 0.19235, 0.38835, 0.18965, 0.38835
 0.18965, 0.38835, 0.18704, 0.38905
 0.18704, 0.38905, 0.18471, 0.39040
 0.18471, 0.39040, 0.18379, 0.39131
 0.18379, 0.39131, 0.18280, 0.39230
 0.18280, 0.39230, 0.12672, 0.44839
 0.12672, 0.44839, 0.12580, 0.44930
 0.12580, 0.44930, 0.12578, 0.44933
 0.12578, 0.44933, 0.12445, 0.45164
 0.12445, 0.45164, 0.12376, 0.45422
 0.12376, 0.45422, 0.12375, 0.45425
 0.12375, 0.45425, 0.12375, 0.46915
 0.12375, 0.46915, 0.12366, 0.46983
 0.12366, 0.46983, 0.12375, 0.47050
 0.12375, 0.47050, 0.12375, 0.47118
 0.12375, 0.47118, 0.12393, 0.47183
 0.12393, 0.47183, 0.12401, 0.47250
 0.12401, 0.47250, 0.12427, 0.47313
 0.12427, 0.47313, 0.12445, 0.47378
 0.12445, 0.47378, 0.12479, 0.47437
 0.12479, 0.47437, 0.12505, 0.47500
 0.12505, 0.47500, 0.12546, 0.47553
 0.12546, 0.47553, 0.12580, 0.47612
 0.12580, 0.47612, 0.12628, 0.47660
 0.12628, 0.47660, 0.12669, 0.47714
 0.12669, 0.47714, 0.12723, 0.47755
 0.12723, 0.47755, 0.12771, 0.47803
 0.12771, 0.47803, 0.12829, 0.47837
 0.12829, 0.47837, 0.12883, 0.47878
 0.12883, 0.47878, 0.12946, 0.47904
 0.12946, 0.47904, 0.13004, 0.47938
 0.13004, 0.47938, 0.13070, 0.47955
 0.13070, 0.47955, 0.13132, 0.47981
 0.13132, 0.47981, 0.13200, 0.47990
 0.13200, 0.47990, 0.13265, 0.48008
 0.13265, 0.48008, 0.13333, 0.48008
 0.13333, 0.48008, 0.13400, 0.48016
 0.13400, 0.48016, 0.13467, 0.48008
 0.13467, 0.48008, 0.13535, 0.48008
 0.13535, 0.48008, 0.13600, 0.47990
 0.13600, 0.47990, 0.13668, 0.47981
 0.13668, 0.47981, 0.13730, 0.47955
 0.13730, 0.47955, 0.13796, 0.47938
 0.13796, 0.47938, 0.13854, 0.47904
 0.13854, 0.47904, 0.14528, 0.47625
 0.14528, 0.47625, 0.14575, 0.47625
 0.14575, 0.47625, 0.14836, 0.47555
 0.14836, 0.47555, 0.15070, 0.47420
 0.15070, 0.47420, 0.19729, 0.42760
 0.19729, 0.42760, 0.19920, 0.42570
 0.19920, 0.42570, 0.20055, 0.42336
 0.20055, 0.42336, 0.20125, 0.42075
 0.20125, 0.42075, 0.20125, 0.39725
 0.20125, 0.39725, 0.20055, 0.39464
 0.20055, 0.39464, 0.19920, 0.39230
 0.19920, 0.39230, 0.19729, 0.39040
 0.22240, 0.45271, 0.17771, 0.49740
 0.17771, 0.49740, 0.17580, 0.49930
 0.17580, 0.49930, 0.17445, 0.50164
 0.17445, 0.50164, 0.17375, 0.50425
 0.17375, 0.50425, 0.17375, 0.51915
 0.17375, 0.51915, 0.17366, 0.51983
 0.17366, 0.51983, 0.17375, 0.52050
 0.17375, 0.52050, 0.17375, 0.52118
 0.17375, 0.52118, 0.17393, 0.52183
 0.17393, 0.52183, 0.17401, 0.52250
 0.17401, 0.52250, 0.17427, 0.52313
 0.17427, 0.52313, 0.17445, 0.52378
 0.17445, 0.52378, 0.17479, 0.52437
 0.17479, 0.52437, 0.17505, 0.52500
 0.17505, 0.52500, 0.17546, 0.52553
 0.17546, 0.52553, 0.17580, 0.52612
 0.17580, 0.52612, 0.17628, 0.52660
 0.17628, 0.52660, 0.17669, 0.52714
 0.17669, 0.52714, 0.17723, 0.52755
 0.17723, 0.52755, 0.17771, 0.52803
 0.17771, 0.52803, 0.17829, 0.52837
 0.17829, 0.52837, 0.17883, 0.52878
 0.17883, 0.52878, 0.17946, 0.52904
 0.17946, 0.52904, 0.18004, 0.52938
 0.18004, 0.52938, 0.18070, 0.52955
 0.18070, 0.52955, 0.18132, 0.52981
 0.18132, 0.52981, 0.18200, 0.52990
 0.18200, 0.52990, 0.18265, 0.53008
 0.18265, 0.53008, 0.18333, 0.53008
 0.18333, 0.53008, 0.18400, 0.53016
 0.18400, 0.53016, 0.18467, 0.53008
 0.18467, 0.53008, 0.18535, 0.53008
 0.18535, 0.53008, 0.18600, 0.52990
 0.18600, 0.52990, 0.18668, 0.52981
 0.18668, 0.52981, 0.18730, 0.52955
 0.18730, 0.52955, 0.18796, 0.52938
 0.18796, 0.52938, 0.18854, 0.52904
 0.18854, 0.52904, 0.19528, 0.52625
 0.19528, 0.52625, 0.19575, 0.52625
 0.19575, 0.52625, 0.19836, 0.52555
 0.19836, 0.52555, 0.20070, 0.52420
 0.20070, 0.52420, 0.25770, 0.46720
 0.25770, 0.46720, 0.25960, 0.46529
 0.25960, 0.46529, 0.26095, 0.46296
 0.26095, 0.46296, 0.26165, 0.46035
 0.26165, 0.46035, 0.26165, 0.45765
 0.26165, 0.45765, 0.26164, 0.45762
 0.26164, 0.45762, 0.26095, 0.45504
 0.26095, 0.45504, 0.25962, 0.45274
 0.25962, 0.45274, 0.25960, 0.45271
 0.25960, 0.45271, 0.25770, 0.45080
 0.25770, 0.45080, 0.25536, 0.44945
 0.25536, 0.44945, 0.25275, 0.44875
 0.25275, 0.44875, 0.22925, 0.44875
 0.22925, 0.44875, 0.22664, 0.44945
 0.22664, 0.44945, 0.22430, 0.45080
 0.22430, 0.45080, 0.22240, 0.45271
 0.29175, 0.44658, 0.20243, 0.53590
 0.20243, 0.53590, 0.20188, 0.53575
 0.20188, 0.53575, 0.19812, 0.53575
 0.19812, 0.53575, 0.19450, 0.53672
 0.19450, 0.53672, 0.19125, 0.53860
 0.19125, 0.53860, 0.18860, 0.54125
 0.18860, 0.54125, 0.18672, 0.54450
 0.18672, 0.54450, 0.18575, 0.54812
 0.18575, 0.54812, 0.18575, 0.95188
 0.18575, 0.95188, 0.18672, 0.95550
 0.18672, 0.95550, 0.18860, 0.95875
 0.18860, 0.95875, 0.19125, 0.96140
 0.19125, 0.96140, 0.19450, 0.96328
 0.19450, 0.96328, 0.19812, 0.96425
 0.19812, 0.96425, 0.20188, 0.96425
 0.20188, 0.96425, 0.20243, 0.96410
 0.20243, 0.96410, 0.24301, 1.00467
 0.24301, 1.00467, 0.24533, 1.00699
 0.24533, 1.00699, 0.24836, 1.00825
 0.24836, 1.00825, 0.26075, 1.00825
 0.26075, 1.00825, 0.26075, 1.01626
 0.26075, 1.01626, 0.28374, 1.03925
 0.28374, 1.03925, 0.31626, 1.03925
 0.31626, 1.03925, 0.33925, 1.01626
 0.33925, 1.01626, 0.33925, 0.98374
 0.33925, 0.98374, 0.31626, 0.96075
 0.31626, 0.96075, 0.28374, 0.96075
 0.28374, 0.96075, 0.26075, 0.98374
 0.26075, 0.98374, 0.26075, 0.99175
 0.26075, 0.99175, 0.25342, 0.99175
 0.25342, 0.99175, 0.21410, 0.95243
 0.21410, 0.95243, 0.21425, 0.95188
 0.21425, 0.95188, 0.21425, 0.54812
 0.21425, 0.54812, 0.21410, 0.54757
 0.21410, 0.54757, 0.30699, 0.45467
 0.30699, 0.45467, 0.30825, 0.45164
 0.30825, 0.45164, 0.30825, 0.35342
 0.30825, 0.35342, 0.32808, 0.33359
 0.32808, 0.33359, 0.33374, 0.33925
 0.33374, 0.33925, 0.36626, 0.33925
 0.36626, 0.33925, 0.38925, 0.31626
 0.38925, 0.31626, 0.38925, 0.28374
 0.38925, 0.28374, 0.36626, 0.26075
 0.36626, 0.26075, 0.33374, 0.26075
 0.33374, 0.26075, 0.31075, 0.28374
 0.31075, 0.28374, 0.31075, 0.31626
 0.31075, 0.31626, 0.31641, 0.32192
 0.31641, 0.32192, 0.29533, 0.34301
 0.29533, 0.34301, 0.29301, 0.34533
 0.29301, 0.34533, 0.29175, 0.34836
 0.29175, 0.34836, 0.29175, 0.44658
 0.31927, 0.45169, 0.31886, 0.45223
 0.31886, 0.45223, 0.31838, 0.45271
 0.31838, 0.45271, 0.31804, 0.45329
 0.31804, 0.45329, 0.31763, 0.45383
 0.31763, 0.45383, 0.31737, 0.45446
 0.31737, 0.45446, 0.31703, 0.45504
 0.31703, 0.45504, 0.31685, 0.45570
 0.31685, 0.45570, 0.31505, 0.46005
 0.31505, 0.46005, 0.22771, 0.54740
 0.22771, 0.54740, 0.22580, 0.54930
 0.22580, 0.54930, 0.22445, 0.55164
 0.22445, 0.55164, 0.22375, 0.55425
 0.22375, 0.55425, 0.22375, 0.94575
 0.22375, 0.94575, 0.22445, 0.94836
 0.22445, 0.94836, 0.22580, 0.95070
 0.22580, 0.95070, 0.24488, 0.96978
 0.24488, 0.96978, 0.24679, 0.97168
 0.24679, 0.97168, 0.24912, 0.97303
 0.24912, 0.97303, 0.25173, 0.97373
 0.25173, 0.97373, 0.25443, 0.97373
 0.25443, 0.97373, 0.25704, 0.97303
 0.25704, 0.97303, 0.25937, 0.97168
 0.25937, 0.97168, 0.27286, 0.95820
 0.27286, 0.95820, 0.27476, 0.95629
 0.27476, 0.95629, 0.27611, 0.95396
 0.27611, 0.95396, 0.27681, 0.95135
 0.27681, 0.95135, 0.27681, 0.94865
 0.27681, 0.94865, 0.27611, 0.94604
 0.27611, 0.94604, 0.27476, 0.94371
 0.27476, 0.94371, 0.25125, 0.92019
 0.25125, 0.92019, 0.25125, 0.87981
 0.25125, 0.87981, 0.27981, 0.85125
 0.27981, 0.85125, 0.32019, 0.85125
 0.32019, 0.85125, 0.34180, 0.87286
 0.34180, 0.87286, 0.34371, 0.87476
 0.34371, 0.87476, 0.34604, 0.87611
 0.34604, 0.87611, 0.34865, 0.87681
 0.34865, 0.87681, 0.35135, 0.87681
 0.35135, 0.87681, 0.35138, 0.87680
 0.35138, 0.87680, 0.35396, 0.87611
 0.35396, 0.87611, 0.35629, 0.87476
 0.35629, 0.87476, 0.35817, 0.87288
 0.35817, 0.87288, 0.37981, 0.85125
 0.37981, 0.85125, 0.42075, 0.85125
 0.42075, 0.85125, 0.42336, 0.85055
 0.42336, 0.85055, 0.42570, 0.84920
 0.42570, 0.84920, 0.47229, 0.80260
 0.47229, 0.80260, 0.47420, 0.80070
 0.47420, 0.80070, 0.47555, 0.79836
 0.47555, 0.79836, 0.47625, 0.79575
 0.47625, 0.79575, 0.47625, 0.46035
 0.47625, 0.46035, 0.47625, 0.45765
 0.47625, 0.45765, 0.47555, 0.45504
 0.47555, 0.45504, 0.47420, 0.45271
 0.47420, 0.45271, 0.47229, 0.45080
 0.47229, 0.45080, 0.46996, 0.44945
 0.46996, 0.44945, 0.46735, 0.44875
 0.46735, 0.44875, 0.42981, 0.44875
 0.42981, 0.44875, 0.40820, 0.42714
 0.40820, 0.42714, 0.40629, 0.42524
 0.40629, 0.42524, 0.40396, 0.42389
 0.40396, 0.42389, 0.40135, 0.42319
 0.40135, 0.42319, 0.39865, 0.42319
 0.39865, 0.42319, 0.39604, 0.42389
 0.39604, 0.42389, 0.39371, 0.42524
 0.39371, 0.42524, 0.37019, 0.44875
 0.37019, 0.44875, 0.32725, 0.44875
 0.32725, 0.44875, 0.32658, 0.44866
 0.32658, 0.44866, 0.32591, 0.44875
 0.32591, 0.44875, 0.32523, 0.44875
 0.32523, 0.44875, 0.32458, 0.44893
 0.32458, 0.44893, 0.32390, 0.44901
 0.32390, 0.44901, 0.32328, 0.44927
 0.32328, 0.44927, 0.32262, 0.44945
 0.32262, 0.44945, 0.32204, 0.44979
 0.32204, 0.44979, 0.32141, 0.45005
 0.32141, 0.45005, 0.32087, 0.45046
 0.32087, 0.45046, 0.32029, 0.45080
 0.32029, 0.45080, 0.31981, 0.45128
 0.31981, 0.45128, 0.31927, 0.45169
 0.33374, 0.43925, 0.36626, 0.43925
 0.36626, 0.43925, 0.38925, 0.41626
 0.38925, 0.41626, 0.38925, 0.38374
 0.38925, 0.38374, 0.38359, 0.37808
 0.38359, 0.37808, 0.40699, 0.35467
 0.40699, 0.35467, 0.40825, 0.35164
 0.40825, 0.35164, 0.40825, 0.20825
 0.40825, 0.20825, 0.43831, 0.20825
 0.43831, 0.20825, 0.43860, 0.20875
 0.43860, 0.20875, 0.58575, 0.35590
 0.58575, 0.35590, 0.58575, 0.90188
 0.58575, 0.90188, 0.58590, 0.90243
 0.58590, 0.90243, 0.49658, 0.99175
 0.49658, 0.99175, 0.43925, 0.99175
 0.43925, 0.99175, 0.43925, 0.98374
 0.43925, 0.98374, 0.41626, 0.96075
 0.41626, 0.96075, 0.38374, 0.96075
 0.38374, 0.96075, 0.36075, 0.98374
 0.36075, 0.98374, 0.36075, 1.01626
 0.36075, 1.01626, 0.38374, 1.03925
 0.38374, 1.03925, 0.41626, 1.03925
 0.41626, 1.03925, 0.43925, 1.01626
 0.43925, 1.01626, 0.43925, 1.00825
 0.43925, 1.00825, 0.50164, 1.00825
 0.50164, 1.00825, 0.50467, 1.00699
 0.50467, 1.00699, 0.59757, 0.91410
 0.59757, 0.91410, 0.59812, 0.91425
 0.59812, 0.91425, 0.60188, 0.91425
 0.60188, 0.91425, 0.60550, 0.91328
 0.60550, 0.91328, 0.60875, 0.91140
 0.60875, 0.91140, 0.61140, 0.90875
 0.61140, 0.90875, 0.61328, 0.90550
 0.61328, 0.90550, 0.61425, 0.90188
 0.61425, 0.90188, 0.61425, 0.34812
 0.61425, 0.34812, 0.61328, 0.34450
 0.61328, 0.34450, 0.61140, 0.34125
 0.61140, 0.34125, 0.45875, 0.18860
 0.45875, 0.18860, 0.45550, 0.18672
 0.45550, 0.18672, 0.45188, 0.18575
 0.45188, 0.18575, 0.44812, 0.18575
 0.44812, 0.18575, 0.44450, 0.18672
 0.44450, 0.18672, 0.44125, 0.18860
 0.44125, 0.18860, 0.43860, 0.19125
 0.43860, 0.19125, 0.43831, 0.19175
 0.43831, 0.19175, 0.39836, 0.19175
 0.39836, 0.19175, 0.39533, 0.19301
 0.39533, 0.19301, 0.39301, 0.19533
 0.39301, 0.19533, 0.39175, 0.19836
 0.39175, 0.19836, 0.39175, 0.34658
 0.39175, 0.34658, 0.37192, 0.36641
 0.37192, 0.36641, 0.36626, 0.36075
 0.36626, 0.36075, 0.33374, 0.36075
 0.33374, 0.36075, 0.31075, 0.38374
 0.31075, 0.38374, 0.31075, 0.41626
 0.31075, 0.41626, 0.33374, 0.43925
 0.43374, 0.43925, 0.46626, 0.43925
 0.46626, 0.43925, 0.47192, 0.43359
 0.47192, 0.43359, 0.48590, 0.44757
 0.48590, 0.44757, 0.48575, 0.44812
 0.48575, 0.44812, 0.48575, 0.80188
 0.48575, 0.80188, 0.48590, 0.80243
 0.48590, 0.80243, 0.42192, 0.86641
 0.42192, 0.86641, 0.41626, 0.86075
 0.41626, 0.86075, 0.38374, 0.86075
 0.38374, 0.86075, 0.36075, 0.88374
 0.36075, 0.88374, 0.36075, 0.91626
 0.36075, 0.91626, 0.38374, 0.93925
 0.38374, 0.93925, 0.41626, 0.93925
 0.41626, 0.93925, 0.43925, 0.91626
 0.43925, 0.91626, 0.43925, 0.88374
 0.43925, 0.88374, 0.43359, 0.87808
 0.43359, 0.87808, 0.49757, 0.81410
 0.49757, 0.81410, 0.49812, 0.81425
 0.49812, 0.81425, 0.50188, 0.81425
 0.50188, 0.81425, 0.50550, 0.81328
 0.50550, 0.81328, 0.50875, 0.81140
 0.50875, 0.81140, 0.51140, 0.80875
 0.51140, 0.80875, 0.51328, 0.80550
 0.51328, 0.80550, 0.51425, 0.80188
 0.51425, 0.80188, 0.51425, 0.44812
 0.51425, 0.44812, 0.51328, 0.44450
 0.51328, 0.44450, 0.51140, 0.44125
 0.51140, 0.44125, 0.50875, 0.43860
 0.50875, 0.43860, 0.50550, 0.43672
 0.50550, 0.43672, 0.50188, 0.43575
 0.50188, 0.43575, 0.49812, 0.43575
 0.49812, 0.43575, 0.49757, 0.43590
 0.49757, 0.43590, 0.48359, 0.42192
 0.48359, 0.42192, 0.48925, 0.41626
 0.48925, 0.41626, 0.48925, 0.38374
 0.48925, 0.38374, 0.46626, 0.36075
 0.46626, 0.36075, 0.43374, 0.36075
 0.43374, 0.36075, 0.41075, 0.38374
 0.41075, 0.38374, 0.41075, 0.41626
 0.41075, 0.41626, 0.43374, 0.43925
 0.50169, 0.42424, 0.50223, 0.42465
 0.50223, 0.42465, 0.50271, 0.42513
 0.50271, 0.42513, 0.50329, 0.42547
 0.50329, 0.42547, 0.50383, 0.42588
 0.50383, 0.42588, 0.50446, 0.42614
 0.50446, 0.42614, 0.50504, 0.42648
 0.50504, 0.42648, 0.50570, 0.42665
 0.50570, 0.42665, 0.51146, 0.42904
 0.51146, 0.42904, 0.51204, 0.42938
 0.51204, 0.42938, 0.51270, 0.42955
 0.51270, 0.42955, 0.51332, 0.42981
 0.51332, 0.42981, 0.51400, 0.42990
 0.51400, 0.42990, 0.51465, 0.43008
 0.51465, 0.43008, 0.51533, 0.43008
 0.51533, 0.43008, 0.51600, 0.43016
 0.51600, 0.43016, 0.51667, 0.43008
 0.51667, 0.43008, 0.51735, 0.43008
 0.51735, 0.43008, 0.51800, 0.42990
 0.51800, 0.42990, 0.51868, 0.42981
 0.51868, 0.42981, 0.51930, 0.42955
 0.51930, 0.42955, 0.51996, 0.42938
 0.51996, 0.42938, 0.52054, 0.42904
 0.52054, 0.42904, 0.52117, 0.42878
 0.52117, 0.42878, 0.52171, 0.42837
 0.52171, 0.42837, 0.52229, 0.42803
 0.52229, 0.42803, 0.52277, 0.42755
 0.52277, 0.42755, 0.52331, 0.42714
 0.52331, 0.42714, 0.52372, 0.42660
 0.52372, 0.42660, 0.52420, 0.42612
 0.52420, 0.42612, 0.52454, 0.42553
 0.52454, 0.42553, 0.52495, 0.42500
 0.52495, 0.42500, 0.52521, 0.42437
 0.52521, 0.42437, 0.52555, 0.42378
 0.52555, 0.42378, 0.52573, 0.42313
 0.52573, 0.42313, 0.52599, 0.42250
 0.52599, 0.42250, 0.52607, 0.42183
 0.52607, 0.42183, 0.52625, 0.42118
 0.52625, 0.42118, 0.52625, 0.42050
 0.52625, 0.42050, 0.52634, 0.41983
 0.52634, 0.41983, 0.52625, 0.41915
 0.52625, 0.41915, 0.52625, 0.40425
 0.52625, 0.40425, 0.52555, 0.40164
 0.52555, 0.40164, 0.52420, 0.39930
 0.52420, 0.39930, 0.51529, 0.39040
 0.51529, 0.39040, 0.51296, 0.38905
 0.51296, 0.38905, 0.51035, 0.38835
 0.51035, 0.38835, 0.50765, 0.38835
 0.50765, 0.38835, 0.50504, 0.38905
 0.50504, 0.38905, 0.50271, 0.39040
 0.50271, 0.39040, 0.50080, 0.39230
 0.50080, 0.39230, 0.49945, 0.39464
 0.49945, 0.39464, 0.49875, 0.39725
 0.49875, 0.39725, 0.49875, 0.41625
 0.49875, 0.41625, 0.49866, 0.41693
 0.49866, 0.41693, 0.49875, 0.41760
 0.49875, 0.41760, 0.49875, 0.41828
 0.49875, 0.41828, 0.49893, 0.41893
 0.49893, 0.41893, 0.49901, 0.41960
 0.49901, 0.41960, 0.49927, 0.42023
 0.49927, 0.42023, 0.49945, 0.42088
 0.49945, 0.42088, 0.49979, 0.42147
 0.49979, 0.42147, 0.50005, 0.42210
 0.50005, 0.42210, 0.50046, 0.42263
 0.50046, 0.42263, 0.50080, 0.42322
 0.50080, 0.42322, 0.50128, 0.42370
 0.50128, 0.42370, 0.50169, 0.42424
 0.53575, 0.39812, 0.53575, 0.90188
 0.53575, 0.90188, 0.53590, 0.90243
 0.53590, 0.90243, 0.49658, 0.94175
 0.49658, 0.94175, 0.35342, 0.94175
 0.35342, 0.94175, 0.33359, 0.92192
 0.33359, 0.92192, 0.33925, 0.91626
 0.33925, 0.91626, 0.33925, 0.88374
 0.33925, 0.88374, 0.31626, 0.86075
 0.31626, 0.86075, 0.28374, 0.86075
 0.28374, 0.86075, 0.26075, 0.88374
 0.26075, 0.88374, 0.26075, 0.91626
 0.26075, 0.91626, 0.28374, 0.93925
 0.28374, 0.93925, 0.31626, 0.93925
 0.31626, 0.93925, 0.32192, 0.93359
 0.32192, 0.93359, 0.34533, 0.95699
 0.34533, 0.95699, 0.34836, 0.95825
 0.34836, 0.95825, 0.50164, 0.95825
 0.50164, 0.95825, 0.50467, 0.95699
 0.50467, 0.95699, 0.50699, 0.95467
 0.50699, 0.95467, 0.54757, 0.91410
 0.54757, 0.91410, 0.54812, 0.91425
 0.54812, 0.91425, 0.55188, 0.91425
 0.55188, 0.91425, 0.55550, 0.91328
 0.55550, 0.91328, 0.55875, 0.91140
 0.55875, 0.91140, 0.56140, 0.90875
 0.56140, 0.90875, 0.56328, 0.90550
 0.56328, 0.90550, 0.56425, 0.90188
 0.56425, 0.90188, 0.56425, 0.39812
 0.56425, 0.39812, 0.56328, 0.39450
 0.56328, 0.39450, 0.56140, 0.39125
 0.56140, 0.39125, 0.55875, 0.38860
 0.55875, 0.38860, 0.55550, 0.38672
 0.55550, 0.38672, 0.55188, 0.38575
 0.55188, 0.38575, 0.54812, 0.38575
 0.54812, 0.38575, 0.54757, 0.38590
 0.54757, 0.38590, 0.48359, 0.32192
 0.48359, 0.32192, 0.48925, 0.31626
 0.48925, 0.31626, 0.48925, 0.28374
 0.48925, 0.28374, 0.46626, 0.26075
 0.46626, 0.26075, 0.43374, 0.26075
 0.43374, 0.26075, 0.41075, 0.28374
 0.41075, 0.28374, 0.41075, 0.31626
 0.41075, 0.31626, 0.43374, 0.33925
 0.43374, 0.33925, 0.46626, 0.33925
 0.46626, 0.33925, 0.47192, 0.33359
 0.47192, 0.33359, 0.53590, 0.39757
 0.53590, 0.39757, 0.53575, 0.39812
 0.54930, 0.37420, 0.55164, 0.37555
 0.55164, 0.37555, 0.55425, 0.37625
 0.55425, 0.37625, 0.55472, 0.37625
 0.55472, 0.37625, 0.56146, 0.37904
 0.56146, 0.37904, 0.56204, 0.37938
 0.56204, 0.37938, 0.56270, 0.37955
 0.56270, 0.37955, 0.56332, 0.37981
 0.56332, 0.37981, 0.56400, 0.37990
 0.56400, 0.37990, 0.56465, 0.38008
 0.56465, 0.38008, 0.56533, 0.38008
 0.56533, 0.38008, 0.56600, 0.38016
 0.56600, 0.38016, 0.56667, 0.38008
 0.56667, 0.38008, 0.56735, 0.38008
 0.56735, 0.38008, 0.56800, 0.37990
 0.56800, 0.37990, 0.56868, 0.37981
 0.56868, 0.37981, 0.56930, 0.37955
 0.56930, 0.37955, 0.56996, 0.37938
 0.56996, 0.37938, 0.57054, 0.37904
 0.57054, 0.37904, 0.57117, 0.37878
 0.57117, 0.37878, 0.57171, 0.37837
 0.57171, 0.37837, 0.57229, 0.37803
 0.57229, 0.37803, 0.57277, 0.37755
 0.57277, 0.37755, 0.57331, 0.37714
 0.57331, 0.37714, 0.57372, 0.37660
 0.57372, 0.37660, 0.57420, 0.37612
 0.57420, 0.37612, 0.57454, 0.37553
 0.57454, 0.37553, 0.57495, 0.37500
 0.57495, 0.37500, 0.57521, 0.37437
 0.57521, 0.37437, 0.57555, 0.37378
 0.57555, 0.37378, 0.57573, 0.37313
 0.57573, 0.37313, 0.57599, 0.37250
 0.57599, 0.37250, 0.57607, 0.37183
 0.57607, 0.37183, 0.57625, 0.37118
 0.57625, 0.37118, 0.57625, 0.37050
 0.57625, 0.37050, 0.57634, 0.36983
 0.57634, 0.36983, 0.57625, 0.36915
 0.57625, 0.36915, 0.57625, 0.36273
 0.57625, 0.36273, 0.57555, 0.36013
 0.57555, 0.36013, 0.57420, 0.35779
 0.57420, 0.35779, 0.51720, 0.30079
 0.51720, 0.30079, 0.51529, 0.29888
 0.51529, 0.29888, 0.51296, 0.29753
 0.51296, 0.29753, 0.51035, 0.29683
 0.51035, 0.29683, 0.50765, 0.29683
 0.50765, 0.29683, 0.50762, 0.29684
 0.50762, 0.29684, 0.50504, 0.29753
 0.50504, 0.29753, 0.50274, 0.29886
 0.50274, 0.29886, 0.50271, 0.29888
 0.50271, 0.29888, 0.50080, 0.30079
 0.50080, 0.30079, 0.49945, 0.30313
 0.49945, 0.30313, 0.49875, 0.30573
 0.49875, 0.30573, 0.49875, 0.32075
 0.49875, 0.32075, 0.49945, 0.32336
 0.49945, 0.32336, 0.50080, 0.32570
 0.50080, 0.32570, 0.50271, 0.32760
 0.50271, 0.32760, 0.50271, 0.32760
 0.50271, 0.32760, 0.54740, 0.37229
 0.54740, 0.37229, 0.54930, 0.37420
 0.45112, 0.24729, 0.45247, 0.24496
 0.45247, 0.24496, 0.45317, 0.24235
 0.45317, 0.24235, 0.45317, 0.23965
 0.45317, 0.23965, 0.45247, 0.23704
 0.45247, 0.23704, 0.45112, 0.23471
 0.45112, 0.23471, 0.43621, 0.21980
 0.43621, 0.21980, 0.43387, 0.21845
 0.43387, 0.21845, 0.43131, 0.21776
 0.43131, 0.21776, 0.43127, 0.21775
 0.43127, 0.21775, 0.42665, 0.21775
 0.42665, 0.21775, 0.42404, 0.21845
 0.42404, 0.21845, 0.42171, 0.21980
 0.42171, 0.21980, 0.41980, 0.22171
 0.41980, 0.22171, 0.41845, 0.22404
 0.41845, 0.22404, 0.41775, 0.22665
 0.41775, 0.22665, 0.41775, 0.24235
 0.41775, 0.24235, 0.41845, 0.24496
 0.41845, 0.24496, 0.41980, 0.24729
 0.41980, 0.24729, 0.42171, 0.24920
 0.42171, 0.24920, 0.42404, 0.25055
 0.42404, 0.25055, 0.42665, 0.25125
 0.42665, 0.25125, 0.44427, 0.25125
 0.44427, 0.25125, 0.44687, 0.25055
 0.44687, 0.25055, 0.44921, 0.24920
 0.44921, 0.24920, 0.45112, 0.24729
 0.38365, 0.59964, 0.40036, 0.61635
 0.40036, 0.61635, 0.40940, 0.63818
 0.40940, 0.63818, 0.40940, 0.66182
 0.40940, 0.66182, 0.40036, 0.68365
 0.40036, 0.68365, 0.38365, 0.70036
 0.38365, 0.70036, 0.36182, 0.70940
 0.36182, 0.70940, 0.33818, 0.70940
 0.33818, 0.70940, 0.31635, 0.70036
 0.31635, 0.70036, 0.29964, 0.68365
 0.29964, 0.68365, 0.29060, 0.66182
 0.29060, 0.66182, 0.29060, 0.63818
 0.29060, 0.63818, 0.29964, 0.61635
 0.29964, 0.61635, 0.31635, 0.59964
 0.31635, 0.59964, 0.33818, 0.59060
 0.33818, 0.59060, 0.36182, 0.59060
 0.36182, 0.59060, 0.38365, 0.59964
 0.45080, 0.87430, 0.44945, 0.87664
 0.44945, 0.87664, 0.44875, 0.87925
 0.44875, 0.87925, 0.44875, 0.92335
 0.44875, 0.92335, 0.44945, 0.92596
 0.44945, 0.92596, 0.45080, 0.92829
 0.45080, 0.92829, 0.45271, 0.93020
 0.45271, 0.93020, 0.45504, 0.93155
 0.45504, 0.93155, 0.45765, 0.93225
 0.45765, 0.93225, 0.48705, 0.93225
 0.48705, 0.93225, 0.48975, 0.93225
 0.48975, 0.93225, 0.49236, 0.93155
 0.49236, 0.93155, 0.49470, 0.93020
 0.49470, 0.93020, 0.52229, 0.90260
 0.52229, 0.90260, 0.52420, 0.90070
 0.52420, 0.90070, 0.52555, 0.89836
 0.52555, 0.89836, 0.52625, 0.89575
 0.52625, 0.89575, 0.52625, 0.83085
 0.52625, 0.83085, 0.52634, 0.83017
 0.52634, 0.83017, 0.52625, 0.82950
 0.52625, 0.82950, 0.52625, 0.82882
 0.52625, 0.82882, 0.52607, 0.82817
 0.52607, 0.82817, 0.52599, 0.82750
 0.52599, 0.82750, 0.52573, 0.82687
 0.52573, 0.82687, 0.52555, 0.82622
 0.52555, 0.82622, 0.52521, 0.82563
 0.52521, 0.82563, 0.52495, 0.82500
 0.52495, 0.82500, 0.52454, 0.82447
 0.52454, 0.82447, 0.52420, 0.82388
 0.52420, 0.82388, 0.52372, 0.82340
 0.52372, 0.82340, 0.52331, 0.82286
 0.52331, 0.82286, 0.52277, 0.82245
 0.52277, 0.82245, 0.52229, 0.82197
 0.52229, 0.82197, 0.52171, 0.82163
 0.52171, 0.82163, 0.52117, 0.82122
 0.52117, 0.82122, 0.52054, 0.82096
 0.52054, 0.82096, 0.51996, 0.82062
 0.51996, 0.82062, 0.51930, 0.82045
 0.51930, 0.82045, 0.51868, 0.82019
 0.51868, 0.82019, 0.51800, 0.82010
 0.51800, 0.82010, 0.51735, 0.81992
 0.51735, 0.81992, 0.51667, 0.81992
 0.51667, 0.81992, 0.51600, 0.81984
 0.51600, 0.81984, 0.51533, 0.81992
 0.51533, 0.81992, 0.51465, 0.81992
 0.51465, 0.81992, 0.51400, 0.82010
 0.51400, 0.82010, 0.51332, 0.82019
 0.51332, 0.82019, 0.51270, 0.82045
 0.51270, 0.82045, 0.51204, 0.82062
 0.51204, 0.82062, 0.51146, 0.82096
 0.51146, 0.82096, 0.50472, 0.82375
 0.50472, 0.82375, 0.50425, 0.82375
 0.50425, 0.82375, 0.50164, 0.82445
 0.50164, 0.82445, 0.49930, 0.82580
 0.49930, 0.82580, 0.49740, 0.82771
 0.49740, 0.82771, 0.49740, 0.82771
 0.49740, 0.82771, 0.45271, 0.87240
 0.45271, 0.87240, 0.45271, 0.87240
 0.45271, 0.87240, 0.45080, 0.87430
 0.45080, 1.09230, 0.44945, 1.09464
 0.44945, 1.09464, 0.44875, 1.09725
 0.44875, 1.09725, 0.44875, 1.12019
 0.44875, 1.12019, 0.42771, 1.14124
 0.42771, 1.14124, 0.42580, 1.14314
 0.42580, 1.14314, 0.42445, 1.14548
 0.42445, 1.14548, 0.42375, 1.14809
 0.42375, 1.14809, 0.42375, 1.15472
 0.42375, 1.15472, 0.42013, 1.16345
 0.42013, 1.16345, 0.37579, 1.20780
 0.37579, 1.20780, 0.37388, 1.20971
 0.37388, 1.20971, 0.37253, 1.21204
 0.37253, 1.21204, 0.37183, 1.21465
 0.37183, 1.21465, 0.37183, 1.21735
 0.37183, 1.21735, 0.37184, 1.21738
 0.37184, 1.21738, 0.37253, 1.21996
 0.37253, 1.21996, 0.37386, 1.22226
 0.37386, 1.22226, 0.37388, 1.22229
 0.37388, 1.22229, 0.37579, 1.22420
 0.37579, 1.22420, 0.37813, 1.22555
 0.37813, 1.22555, 0.38073, 1.22625
 0.38073, 1.22625, 0.38727, 1.22625
 0.38727, 1.22625, 0.38987, 1.22555
 0.38987, 1.22555, 0.39221, 1.22420
 0.39221, 1.22420, 0.47420, 1.14221
 0.47420, 1.14221, 0.47555, 1.13987
 0.47555, 1.13987, 0.47625, 1.13727
 0.47625, 1.13727, 0.47625, 1.10425
 0.47625, 1.10425, 0.47607, 1.10358
 0.47607, 1.10358, 0.47555, 1.10164
 0.47555, 1.10164, 0.47420, 1.09930
 0.47420, 1.09930, 0.46529, 1.09040
 0.46529, 1.09040, 0.46296, 1.08905
 0.46296, 1.08905, 0.46035, 1.08835
 0.46035, 1.08835, 0.45765, 1.08835
 0.45765, 1.08835, 0.45692, 1.08854
 0.45692, 1.08854, 0.45504, 1.08905
 0.45504, 1.08905, 0.45271, 1.09040
 0.45271, 1.09040, 0.45080, 1.09230
 0.35629, 1.12524, 0.35396, 1.12389
 0.35396, 1.12389, 0.35135, 1.12319
 0.35135, 1.12319, 0.34865, 1.12319
 0.34865, 1.12319, 0.34604, 1.12389
 0.34604, 1.12389, 0.34371, 1.12524
 0.34371, 1.12524, 0.32761, 1.14133
 0.32761, 1.14133, 0.30970, 1.14875
 0.30970, 1.14875, 0.29030, 1.14875
 0.29030, 1.14875, 0.27238, 1.14133
 0.27238, 1.14133, 0.25867, 1.12761
 0.25867, 1.12761, 0.25125, 1.10970
 0.25125, 1.10970, 0.25125, 1.09030
 0.25125, 1.09030, 0.25867, 1.07239
 0.25867, 1.07239, 0.27286, 1.05820
 0.27286, 1.05820, 0.27476, 1.05629
 0.27476, 1.05629, 0.27611, 1.05396
 0.27611, 1.05396, 0.27681, 1.05135
 0.27681, 1.05135, 0.27681, 1.04865
 0.27681, 1.04865, 0.27680, 1.04862
 0.27680, 1.04862, 0.27611, 1.04604
 0.27611, 1.04604, 0.27476, 1.04371
 0.27476, 1.04371, 0.27288, 1.04183
 0.27288, 1.04183, 0.25276, 1.02171
 0.25276, 1.02171, 0.25086, 1.01980
 0.25086, 1.01980, 0.24974, 1.01915
 0.24974, 1.01915, 0.24960, 1.01905
 0.24960, 1.01905, 0.24944, 1.01898
 0.24944, 1.01898, 0.24852, 1.01845
 0.24852, 1.01845, 0.24749, 1.01817
 0.24749, 1.01817, 0.23995, 1.01505
 0.23995, 1.01505, 0.23446, 1.00957
 0.23446, 1.00957, 0.20260, 0.97771
 0.20260, 0.97771, 0.20070, 0.97580
 0.20070, 0.97580, 0.19836, 0.97445
 0.19836, 0.97445, 0.19575, 0.97375
 0.19575, 0.97375, 0.19528, 0.97375
 0.19528, 0.97375, 0.18854, 0.97096
 0.18854, 0.97096, 0.18796, 0.97062
 0.18796, 0.97062, 0.18730, 0.97045
 0.18730, 0.97045, 0.18668, 0.97019
 0.18668, 0.97019, 0.18600, 0.97010
 0.18600, 0.97010, 0.18535, 0.96992
 0.18535, 0.96992, 0.18467, 0.96992
 0.18467, 0.96992, 0.18400, 0.96984
 0.18400, 0.96984, 0.18333, 0.96992
 0.18333, 0.96992, 0.18265, 0.96992
 0.18265, 0.96992, 0.18200, 0.97010
 0.18200, 0.97010, 0.18132, 0.97019
 0.18132, 0.97019, 0.18070, 0.97045
 0.18070, 0.97045, 0.18004, 0.97062
 0.18004, 0.97062, 0.17946, 0.97096
 0.17946, 0.97096, 0.17883, 0.97122
 0.17883, 0.97122, 0.17829, 0.97163
 0.17829, 0.97163, 0.17771, 0.97197
 0.17771, 0.97197, 0.17723, 0.97245
 0.17723, 0.97245, 0.17669, 0.97286
 0.17669, 0.97286, 0.17628, 0.97340
 0.17628, 0.97340, 0.17580, 0.97388
 0.17580, 0.97388, 0.17546, 0.97447
 0.17546, 0.97447, 0.17505, 0.97500
 0.17505, 0.97500, 0.17479, 0.97563
 0.17479, 0.97563, 0.17445, 0.97622
 0.17445, 0.97622, 0.17427, 0.97687
 0.17427, 0.97687, 0.17401, 0.97750
 0.17401, 0.97750, 0.17393, 0.97817
 0.17393, 0.97817, 0.17375, 0.97882
 0.17375, 0.97882, 0.17375, 0.97950
 0.17375, 0.97950, 0.17366, 0.98017
 0.17366, 0.98017, 0.17375, 0.98085
 0.17375, 0.98085, 0.17375, 1.13727
 0.17375, 1.13727, 0.17445, 1.13987
 0.17445, 1.13987, 0.17580, 1.14221
 0.17580, 1.14221, 0.20588, 1.17229
 0.20588, 1.17229, 0.20779, 1.17420
 0.20779, 1.17420, 0.21013, 1.17555
 0.21013, 1.17555, 0.21273, 1.17625
 0.21273, 1.17625, 0.33727, 1.17625
 0.33727, 1.17625, 0.33987, 1.17555
 0.33987, 1.17555, 0.34221, 1.17420
 0.34221, 1.17420, 0.36553, 1.15088
 0.36553, 1.15088, 0.36744, 1.14897
 0.36744, 1.14897, 0.36879, 1.14663
 0.36879, 1.14663, 0.36949, 1.14403
 0.36949, 1.14403, 0.36949, 1.14133
 0.36949, 1.14133, 0.36879, 1.13872
 0.36879, 1.13872, 0.36744, 1.13638
 0.36744, 1.13638, 0.35820, 1.12714
 0.35820, 1.12714, 0.35629, 1.12524
 0.14029, 1.17388, 0.13796, 1.17253
 0.13796, 1.17253, 0.13535, 1.17183
 0.13535, 1.17183, 0.13265, 1.17183
 0.13265, 1.17183, 0.13004, 1.17253
 0.13004, 1.17253, 0.12771, 1.17388
 0.12771, 1.17388, 0.12580, 1.17579
 0.12580, 1.17579, 0.12445, 1.17813
 0.12445, 1.17813, 0.12375, 1.18073
 0.12375, 1.18073, 0.12375, 1.18457
 0.12375, 1.18457, 0.12375, 1.18727
 0.12375, 1.18727, 0.12445, 1.18987
 0.12445, 1.18987, 0.12580, 1.19221
 0.12580, 1.19221, 0.15779, 1.22420
 0.15779, 1.22420, 0.16013, 1.22555
 0.16013, 1.22555, 0.16273, 1.22625
 0.16273, 1.22625, 0.16927, 1.22625
 0.16927, 1.22625, 0.17187, 1.22555
 0.17187, 1.22555, 0.17421, 1.22420
 0.17421, 1.22420, 0.17612, 1.22229
 0.17612, 1.22229, 0.17747, 1.21996
 0.17747, 1.21996, 0.17817, 1.21735
 0.17817, 1.21735, 0.17817, 1.21465
 0.17817, 1.21465, 0.17747, 1.21204
 0.17747, 1.21204, 0.17612, 1.20971
 0.17612, 1.20971, 0.14220, 1.17579
 0.14220, 1.17579, 0.14220, 1.17579
 0.14220, 1.17579, 0.14029, 1.17388
# pass=2
# preview window width=800 height=600
 0.03780, 0.04064, 0.03579, 0.04411
 0.03579, 0.04411, 0.03475, 0.04799
 0.03475, 0.04799, 0.03475, 0.05201
 0.03475, 0.05201, 0.03475, 1.33700
 0.03475, 1.33700, 0.03475, 1.34102
 0.03475, 1.34102, 0.03579, 1.34489
 0.03579, 1.34489, 0.03780, 1.34837
 0.03780, 1.34837, 0.04064, 1.35121
 0.04064, 1.35121, 0.04411, 1.35322
 0.04411, 1.35322, 0.04799, 1.35426
 0.04799, 1.35426, 0.65201, 1.35426
 0.65201, 1.35426, 0.65589, 1.35322
 0.65589, 1.35322, 0.65936, 1.35121
 0.65936, 1.35121, 0.66220, 1.34837
 0.66220, 1.34837, 0.66421, 1.34489
 0.66421, 1.34489, 0.66525, 1.34102
 0.66525, 1.34102, 0.66525, 0.05201
 0.66525, 0.05201, 0.66525, 0.04799
 0.66525, 0.04799, 0.66421, 0.04411
 0.66421, 0.04411, 0.66220, 0.04064
 0.66220, 0.04064, 0.65936, 0.03780
 0.65936, 0.03780, 0.65589, 0.03579
 0.65589, 0.03579, 0.65201, 0.03475
 0.65201, 0.03475, 0.04799, 0.03475
 0.04799, 0.03475, 0.04411, 0.03579
 0.04411, 0.03579, 0.04064, 0.03780
 0.04064, 0.03780, 0.03780, 0.04064
 0.22522, 0.26291, 0.22650, 0.26238
 0.22650, 0.26238, 0.22376, 0.26437
 0.22376, 0.26437, 0.22522, 0.26291
 0.24002, 0.25678, 0.24130, 0.25625
 0.24130, 0.25625, 0.24336, 0.25625
 0.24336, 0.25625, 0.24002, 0.25678
 0.25664, 0.25625, 0.25870, 0.25625
 0.25870, 0.25625, 0.25998, 0.25678
 0.25998, 0.25678, 0.25664, 0.25625
 0.27350, 0.26238, 0.27478, 0.26291
 0.27478, 0.26291, 0.27624, 0.26437
 0.27624, 0.26437, 0.27350, 0.26238
 0.28563, 0.27376, 0.28780, 0.27593
 0.28780, 0.27593, 0.28780, 0.27593
 0.28780, 0.27593, 0.29064, 0.27876
 0.29064, 0.27876, 0.29215, 0.27964
 0.29215, 0.27964, 0.29411, 0.28077
 0.29411, 0.28077, 0.29799, 0.28181
 0.29799, 0.28181, 0.30201, 0.28181
 0.30201, 0.28181, 0.30589, 0.28077
 0.30589, 0.28077, 0.30769, 0.27973
 0.30769, 0.27973, 0.30575, 0.28167
 0.30575, 0.28167, 0.30575, 0.31833
 0.30575, 0.31833, 0.30934, 0.32192
 0.30934, 0.32192, 0.29186, 0.33940
 0.29186, 0.33940, 0.28940, 0.34186
 0.28940, 0.34186, 0.28765, 0.34489
 0.28765, 0.34489, 0.28675, 0.34826
 0.28675, 0.34826, 0.28675, 0.37417
 0.28675, 0.37417, 0.26833, 0.35575
 0.26833, 0.35575, 0.23167, 0.35575
 0.23167, 0.35575, 0.20575, 0.38167
 0.20575, 0.38167, 0.20575, 0.39472
 0.20575, 0.39472, 0.20521, 0.39271
 0.20521, 0.39271, 0.20320, 0.38923
 0.20320, 0.38923, 0.20036, 0.38639
 0.20036, 0.38639, 0.19689, 0.38439
 0.19689, 0.38439, 0.19301, 0.38335
 0.19301, 0.38335, 0.18899, 0.38335
 0.18899, 0.38335, 0.18511, 0.38439
 0.18511, 0.38439, 0.18331, 0.38543
 0.18331, 0.38543, 0.22951, 0.33922
 0.22951, 0.33922, 0.23301, 0.34101
 0.23301, 0.34101, 0.23964, 0.34316
 0.23964, 0.34316, 0.24652, 0.34425
 0.24652, 0.34425, 0.25348, 0.34425
 0.25348, 0.34425, 0.26036, 0.34316
 0.26036, 0.34316, 0.26699, 0.34101
 0.26699, 0.34101, 0.27319, 0.33785
 0.27319, 0.33785, 0.27883, 0.33375
 0.27883, 0.33375, 0.28375, 0.32883
 0.28375, 0.32883, 0.28785, 0.32319
 0.28785, 0.32319, 0.29101, 0.31699
 0.29101, 0.31699, 0.29316, 0.31036
 0.29316, 0.31036, 0.29425, 0.30348
 0.29425, 0.30348, 0.29425, 0.29652
 0.29425, 0.29652, 0.29316, 0.28964
 0.29316, 0.28964, 0.29101, 0.28301
 0.29101, 0.28301, 0.28785, 0.27681
 0.28785, 0.27681, 0.28563, 0.27376
 0.21437, 0.27376, 0.21238, 0.27650
 0.21238, 0.27650, 0.21291, 0.27522
 0.21291, 0.27522, 0.21437, 0.27376
 0.20678, 0.29002, 0.20625, 0.29336
 0.20625, 0.29336, 0.20625, 0.29130
 0.20625, 0.29130, 0.20678, 0.29002
 0.20625, 0.30664, 0.20678, 0.30998
 0.20678, 0.30998, 0.20625, 0.30870
 0.20625, 0.30870, 0.20625, 0.30664
 0.20850, 0.31546, 0.20899, 0.31699
 0.20899, 0.31699, 0.21078, 0.32049
 0.21078, 0.32049, 0.20667, 0.32459
 0.20667, 0.32459, 0.20695, 0.32392
 0.20695, 0.32392, 0.20746, 0.32304
 0.20746, 0.32304, 0.20772, 0.32207
 0.20772, 0.32207, 0.20810, 0.32114
 0.20810, 0.32114, 0.20823, 0.32014
 0.20823, 0.32014, 0.20850, 0.31916
 0.20850, 0.31916, 0.20850, 0.31816
 0.20850, 0.31816, 0.20863, 0.31716
 0.20863, 0.31716, 0.20850, 0.31616
 0.20850, 0.31616, 0.20850, 0.31546
 0.20625, 0.41883, 0.20934, 0.42192
 0.20934, 0.42192, 0.20417, 0.42709
 0.20417, 0.42709, 0.20521, 0.42529
 0.20521, 0.42529, 0.20625, 0.42141
 0.20625, 0.42141, 0.20625, 0.41883
 0.22808, 0.44066, 0.23117, 0.44375
 0.23117, 0.44375, 0.22859, 0.44375
 0.22859, 0.44375, 0.22471, 0.44479
 0.22471, 0.44479, 0.22291, 0.44583
 0.22291, 0.44583, 0.22808, 0.44066
 0.25528, 0.44425, 0.26833, 0.44425
 0.26833, 0.44425, 0.28675, 0.42583
 0.28675, 0.42583, 0.28675, 0.44451
 0.28675, 0.44451, 0.26457, 0.46669
 0.26457, 0.46669, 0.26561, 0.46489
 0.26561, 0.46489, 0.26566, 0.46472
 0.26566, 0.46472, 0.26665, 0.46101
 0.26665, 0.46101, 0.26665, 0.45699
 0.26665, 0.45699, 0.26561, 0.45311
 0.26561, 0.45311, 0.26559, 0.45307
 0.26559, 0.45307, 0.26361, 0.44964
 0.26361, 0.44964, 0.26081, 0.44684
 0.26081, 0.44684, 0.26077, 0.44680
 0.26077, 0.44680, 0.25729, 0.44479
 0.25729, 0.44479, 0.25712, 0.44474
 0.25712, 0.44474, 0.25528, 0.44425
 0.31570, 0.44812, 0.31509, 0.44892
 0.31509, 0.44892, 0.31438, 0.44964
 0.31438, 0.44964, 0.31387, 0.45051
 0.31387, 0.45051, 0.31326, 0.45131
 0.31326, 0.45131, 0.31325, 0.45133
 0.31325, 0.45133, 0.31325, 0.42583
 0.31325, 0.42583, 0.33117, 0.44375
 0.33117, 0.44375, 0.32758, 0.44375
 0.32758, 0.44375, 0.32658, 0.44362
 0.32658, 0.44362, 0.32558, 0.44375
 0.32558, 0.44375, 0.32457, 0.44375
 0.32457, 0.44375, 0.32360, 0.44401
 0.32360, 0.44401, 0.32260, 0.44414
 0.32260, 0.44414, 0.32167, 0.44453
 0.32167, 0.44453, 0.32069, 0.44479
 0.32069, 0.44479, 0.31982, 0.44529
 0.31982, 0.44529, 0.31889, 0.44568
 0.31889, 0.44568, 0.31809, 0.44629
 0.31809, 0.44629, 0.31722, 0.44680
 0.31722, 0.44680, 0.31650, 0.44751
 0.31650, 0.44751, 0.31570, 0.44812
 0.31325, 0.37417, 0.31325, 0.35549
 0.31325, 0.35549, 0.32808, 0.34066
 0.32808, 0.34066, 0.33167, 0.34425
 0.33167, 0.34425, 0.36833, 0.34425
 0.36833, 0.34425, 0.38675, 0.32583
 0.38675, 0.32583, 0.38675, 0.34451
 0.38675, 0.34451, 0.37192, 0.35934
 0.37192, 0.35934, 0.36833, 0.35575
 0.36833, 0.35575, 0.33167, 0.35575
 0.33167, 0.35575, 0.31325, 0.37417
 0.39066, 0.37808, 0.41060, 0.35814
 0.41060, 0.35814, 0.41235, 0.35511
 0.41235, 0.35511, 0.41325, 0.35174
 0.41325, 0.35174, 0.41325, 0.32583
 0.41325, 0.32583, 0.43167, 0.34425
 0.43167, 0.34425, 0.46833, 0.34425
 0.46833, 0.34425, 0.47192, 0.34066
 0.47192, 0.34066, 0.51669, 0.38543
 0.51669, 0.38543, 0.51489, 0.38439
 0.51489, 0.38439, 0.51101, 0.38335
 0.51101, 0.38335, 0.50699, 0.38335
 0.50699, 0.38335, 0.50311, 0.38439
 0.50311, 0.38439, 0.49964, 0.38639
 0.49964, 0.38639, 0.49680, 0.38923
 0.49680, 0.38923, 0.49479, 0.39271
 0.49479, 0.39271, 0.49425, 0.39472
 0.49425, 0.39472, 0.49425, 0.38167
 0.49425, 0.38167, 0.46833, 0.35575
 0.46833, 0.35575, 0.43167, 0.35575
 0.43167, 0.35575, 0.40575, 0.38167
 0.40575, 0.38167, 0.40575, 0.41833
 0.40575, 0.41833, 0.40769, 0.42027
 0.40769, 0.42027, 0.40589, 0.41923
 0.40589, 0.41923, 0.40201, 0.41819
 0.40201, 0.41819, 0.39799, 0.41819
 0.39799, 0.41819, 0.39411, 0.41923
 0.39411, 0.41923, 0.39231, 0.42027
 0.39231, 0.42027, 0.39425, 0.41833
 0.39425, 0.41833, 0.39425, 0.38167
 0.39425, 0.38167, 0.39066, 0.37808
 0.38675, 0.27417, 0.36883, 0.25625
 0.36883, 0.25625, 0.37401, 0.25625
 0.37401, 0.25625, 0.37789, 0.25521
 0.37789, 0.25521, 0.38136, 0.25320
 0.38136, 0.25320, 0.38420, 0.25036
 0.38420, 0.25036, 0.38621, 0.24689
 0.38621, 0.24689, 0.38675, 0.24487
 0.38675, 0.24487, 0.38675, 0.27417
 0.41325, 0.27417, 0.41325, 0.24487
 0.41325, 0.24487, 0.41379, 0.24689
 0.41379, 0.24689, 0.41580, 0.25036
 0.41580, 0.25036, 0.41864, 0.25320
 0.41864, 0.25320, 0.42211, 0.25521
 0.42211, 0.25521, 0.42599, 0.25625
 0.42599, 0.25625, 0.43117, 0.25625
 0.43117, 0.25625, 0.41325, 0.27417
 0.41325, 0.22413, 0.41325, 0.21325
 0.41325, 0.21325, 0.42413, 0.21325
 0.42413, 0.21325, 0.42211, 0.21379
 0.42211, 0.21379, 0.41864, 0.21580
 0.41864, 0.21580, 0.41580, 0.21864
 0.41580, 0.21864, 0.41379, 0.22211
 0.41379, 0.22211, 0.41325, 0.22413
 0.43379, 0.21325, 0.43603, 0.21325
 0.43603, 0.21325, 0.43761, 0.21483
 0.43761, 0.21483, 0.43591, 0.21385
 0.43591, 0.21385, 0.43580, 0.21379
 0.43580, 0.21379, 0.43379, 0.21325
 0.43379, 0.18675, 0.43580, 0.18621
 0.43580, 0.18621, 0.43761, 0.18517
 0.43761, 0.18517, 0.43603, 0.18675
 0.43603, 0.18675, 0.43379, 0.18675
 0.45609, 0.23331, 0.51669, 0.29391
 0.51669, 0.29391, 0.51489, 0.29287
 0.51489, 0.29287, 0.51472, 0.29283
 0.51472, 0.29283, 0.51101, 0.29183
 0.51101, 0.29183, 0.50699, 0.29183
 0.50699, 0.29183, 0.50311, 0.29287
 0.50311, 0.29287, 0.50307, 0.29290
 0.50307, 0.29290, 0.49964, 0.29488
 0.49964, 0.29488, 0.49684, 0.29767
 0.49684, 0.29767, 0.49680, 0.29772
 0.49680, 0.29772, 0.49479, 0.30120
 0.49479, 0.30120, 0.49474, 0.30136
 0.49474, 0.30136, 0.49425, 0.30321
 0.49425, 0.30321, 0.49425, 0.28167
 0.49425, 0.28167, 0.46833, 0.25575
 0.46833, 0.25575, 0.44679, 0.25575
 0.44679, 0.25575, 0.44880, 0.25521
 0.44880, 0.25521, 0.45228, 0.25320
 0.45228, 0.25320, 0.45512, 0.25036
 0.45512, 0.25036, 0.45713, 0.24689
 0.45713, 0.24689, 0.45817, 0.24301
 0.45817, 0.24301, 0.45817, 0.23899
 0.45817, 0.23899, 0.45713, 0.23511
 0.45713, 0.23511, 0.45609, 0.23331
 0.49066, 0.32192, 0.49375, 0.31883
 0.49375, 0.31883, 0.49375, 0.32141
 0.49375, 0.32141, 0.49479, 0.32529
 0.49479, 0.32529, 0.49583, 0.32709
 0.49583, 0.32709, 0.49066, 0.32192
 0.49066, 0.42192, 0.49375, 0.41883
 0.49375, 0.41883, 0.49375, 0.41893
 0.49375, 0.41893, 0.49401, 0.41991
 0.49401, 0.41991, 0.49414, 0.42091
 0.49414, 0.42091, 0.49453, 0.42184
 0.49453, 0.42184, 0.49479, 0.42281
 0.49479, 0.42281, 0.49529, 0.42369
 0.49529, 0.42369, 0.49568, 0.42462
 0.49568, 0.42462, 0.49629, 0.42542
 0.49629, 0.42542, 0.49680, 0.42629
 0.49680, 0.42629, 0.49751, 0.42700
 0.49751, 0.42700, 0.49812, 0.42780
 0.49812, 0.42780, 0.49892, 0.42842
 0.49892, 0.42842, 0.49964, 0.42913
 0.49964, 0.42913, 0.50051, 0.42963
 0.50051, 0.42963, 0.50131, 0.43025
 0.50131, 0.43025, 0.50224, 0.43063
 0.50224, 0.43063, 0.50244, 0.43075
 0.50244, 0.43075, 0.49949, 0.43075
 0.49949, 0.43075, 0.49066, 0.42192
 0.51183, 0.43460, 0.51202, 0.43468
 0.51202, 0.43468, 0.51302, 0.43481
 0.51302, 0.43481, 0.51399, 0.43508
 0.51399, 0.43508, 0.51500, 0.43508
 0.51500, 0.43508, 0.51600, 0.43521
 0.51600, 0.43521, 0.51700, 0.43508
 0.51700, 0.43508, 0.51801, 0.43508
 0.51801, 0.43508, 0.51898, 0.43482
 0.51898, 0.43482, 0.51998, 0.43468
 0.51998, 0.43468, 0.52091, 0.43430
 0.52091, 0.43430, 0.52189, 0.43404
 0.52189, 0.43404, 0.52276, 0.43353
 0.52276, 0.43353, 0.52369, 0.43315
 0.52369, 0.43315, 0.52449, 0.43253
 0.52449, 0.43253, 0.52536, 0.43203
 0.52536, 0.43203, 0.52608, 0.43132
 0.52608, 0.43132, 0.52688, 0.43070
 0.52688, 0.43070, 0.52749, 0.42990
 0.52749, 0.42990, 0.52820, 0.42919
 0.52820, 0.42919, 0.52871, 0.42832
 0.52871, 0.42832, 0.52932, 0.42752
 0.52932, 0.42752, 0.52971, 0.42659
 0.52971, 0.42659, 0.53021, 0.42571
 0.53021, 0.42571, 0.53047, 0.42474
 0.53047, 0.42474, 0.53075, 0.42407
 0.53075, 0.42407, 0.53075, 0.82593
 0.53075, 0.82593, 0.53047, 0.82526
 0.53047, 0.82526, 0.53021, 0.82429
 0.53021, 0.82429, 0.52971, 0.82341
 0.52971, 0.82341, 0.52932, 0.82248
 0.52932, 0.82248, 0.52871, 0.82168
 0.52871, 0.82168, 0.52820, 0.82081
 0.52820, 0.82081, 0.52749, 0.82010
 0.52749, 0.82010, 0.52688, 0.81930
 0.52688, 0.81930, 0.52608, 0.81868
 0.52608, 0.81868, 0.52536, 0.81797
 0.52536, 0.81797, 0.52449, 0.81747
 0.52449, 0.81747, 0.52369, 0.81685
 0.52369, 0.81685, 0.52276, 0.81647
 0.52276, 0.81647, 0.52189, 0.81596
 0.52189, 0.81596, 0.52091, 0.81570
 0.52091, 0.81570, 0.51998, 0.81532
 0.51998, 0.81532, 0.51898, 0.81518
 0.51898, 0.81518, 0.51801, 0.81492
 0.51801, 0.81492, 0.51700, 0.81492
 0.51700, 0.81492, 0.51600, 0.81479
 0.51600, 0.81479, 0.51500, 0.81492
 0.51500, 0.81492, 0.51399, 0.81492
 0.51399, 0.81492, 0.51302, 0.81518
 0.51302, 0.81518, 0.51202, 0.81532
 0.51202, 0.81532, 0.51183, 0.81540
 0.51183, 0.81540, 0.51540, 0.81182
 0.51540, 0.81182, 0.51794, 0.80743
 0.51794, 0.80743, 0.51925, 0.80253
 0.51925, 0.80253, 0.51925, 0.44747
 0.51925, 0.44747, 0.51794, 0.44257
 0.51794, 0.44257, 0.51540, 0.43818
 0.51540, 0.43818, 0.51183, 0.43460
 0.47192, 0.44066, 0.48075, 0.44949
 0.48075, 0.44949, 0.48075, 0.45513
 0.48075, 0.45513, 0.48021, 0.45311
 0.48021, 0.45311, 0.47820, 0.44964
 0.47820, 0.44964, 0.47536, 0.44680
 0.47536, 0.44680, 0.47189, 0.44479
 0.47189, 0.44479, 0.46866, 0.44392
 0.46866, 0.44392, 0.47192, 0.44066
 0.53075, 0.40172, 0.53021, 0.39971
 0.53021, 0.39971, 0.52917, 0.39791
 0.52917, 0.39791, 0.53075, 0.39949
 0.53075, 0.39949, 0.53075, 0.40172
 0.54791, 0.37917, 0.54971, 0.38021
 0.54971, 0.38021, 0.55172, 0.38075
 0.55172, 0.38075, 0.54949, 0.38075
 0.54949, 0.38075, 0.54791, 0.37917
 0.56183, 0.38460, 0.56202, 0.38468
 0.56202, 0.38468, 0.56302, 0.38482
 0.56302, 0.38482, 0.56399, 0.38508
 0.56399, 0.38508, 0.56500, 0.38508
 0.56500, 0.38508, 0.56600, 0.38521
 0.56600, 0.38521, 0.56700, 0.38508
 0.56700, 0.38508, 0.56801, 0.38508
 0.56801, 0.38508, 0.56898, 0.38482
 0.56898, 0.38482, 0.56998, 0.38468
 0.56998, 0.38468, 0.57091, 0.38430
 0.57091, 0.38430, 0.57189, 0.38404
 0.57189, 0.38404, 0.57276, 0.38353
 0.57276, 0.38353, 0.57369, 0.38315
 0.57369, 0.38315, 0.57449, 0.38253
 0.57449, 0.38253, 0.57536, 0.38203
 0.57536, 0.38203, 0.57608, 0.38132
 0.57608, 0.38132, 0.57688, 0.38070
 0.57688, 0.38070, 0.57749, 0.37990
 0.57749, 0.37990, 0.57820, 0.37919
 0.57820, 0.37919, 0.57871, 0.37832
 0.57871, 0.37832, 0.57932, 0.37752
 0.57932, 0.37752, 0.57971, 0.37659
 0.57971, 0.37659, 0.58021, 0.37571
 0.58021, 0.37571, 0.58047, 0.37474
 0.58047, 0.37474, 0.58075, 0.37407
 0.58075, 0.37407, 0.58075, 0.90051
 0.58075, 0.90051, 0.49451, 0.98675
 0.49451, 0.98675, 0.44425, 0.98675
 0.44425, 0.98675, 0.44425, 0.98167
 0.44425, 0.98167, 0.42583, 0.96325
 0.42583, 0.96325, 0.50174, 0.96325
 0.50174, 0.96325, 0.50511, 0.96235
 0.50511, 0.96235, 0.50814, 0.96060
 0.50814, 0.96060, 0.51060, 0.95814
 0.51060, 0.95814, 0.54949, 0.91925
 0.54949, 0.91925, 0.55253, 0.91925
 0.55253, 0.91925, 0.55743, 0.91794
 0.55743, 0.91794, 0.56182, 0.91540
 0.56182, 0.91540, 0.56540, 0.91182
 0.56540, 0.91182, 0.56794, 0.90743
 0.56794, 0.90743, 0.56925, 0.90253
 0.56925, 0.90253, 0.56925, 0.39747
 0.56925, 0.39747, 0.56794, 0.39257
 0.56794, 0.39257, 0.56540, 0.38818
 0.56540, 0.38818, 0.56183, 0.38460
 0.58075, 0.36021, 0.58021, 0.35820
 0.58021, 0.35820, 0.57917, 0.35639
 0.57917, 0.35639, 0.58075, 0.35797
 0.58075, 0.35797, 0.58075, 0.36021
 0.38082, 0.60388, 0.39612, 0.61918
 0.39612, 0.61918, 0.40440, 0.63918
 0.40440, 0.63918, 0.40440, 0.66082
 0.40440, 0.66082, 0.39612, 0.68082
 0.39612, 0.68082, 0.38082, 0.69612
 0.38082, 0.69612, 0.36082, 0.70440
 0.36082, 0.70440, 0.33918, 0.70440
 0.33918, 0.70440, 0.31918, 0.69612
 0.31918, 0.69612, 0.30388, 0.68082
 0.30388, 0.68082, 0.29560, 0.66082
 0.29560, 0.66082, 0.29560, 0.63918
 0.29560, 0.63918, 0.30388, 0.61918
 0.30388, 0.61918, 0.31918, 0.60388
 0.31918, 0.60388, 0.33918, 0.59560
 0.33918, 0.59560, 0.36082, 0.59560
 0.36082, 0.59560, 0.38082, 0.60388
 0.21925, 0.55172, 0.21925, 0.54949
 0.21925, 0.54949, 0.22083, 0.54791
 0.22083, 0.54791, 0.21979, 0.54971
 0.21979, 0.54971, 0.21925, 0.55172
 0.20209, 0.52917, 0.20051, 0.53075
 0.20051, 0.53075, 0.19827, 0.53075
 0.19827, 0.53075, 0.20029, 0.53021
 0.20029, 0.53021, 0.20209, 0.52917
 0.18817, 0.53460, 0.18460, 0.53818
 0.18460, 0.53818, 0.18206, 0.54257
 0.18206, 0.54257, 0.18075, 0.54747
 0.18075, 0.54747, 0.18075, 0.95253
 0.18075, 0.95253, 0.18206, 0.95743
 0.18206, 0.95743, 0.18460, 0.96182
 0.18460, 0.96182, 0.18817, 0.96540
 0.18817, 0.96540, 0.18798, 0.96532
 0.18798, 0.96532, 0.18698, 0.96518
 0.18698, 0.96518, 0.18601, 0.96492
 0.18601, 0.96492, 0.18500, 0.96492
 0.18500, 0.96492, 0.18400, 0.96479
 0.18400, 0.96479, 0.18300, 0.96492
 0.18300, 0.96492, 0.18199, 0.96492
 0.18199, 0.96492, 0.18102, 0.96518
 0.18102, 0.96518, 0.18002, 0.96532
 0.18002, 0.96532, 0.17909, 0.96570
 0.17909, 0.96570, 0.17811, 0.96596
 0.17811, 0.96596, 0.17724, 0.96647
 0.17724, 0.96647, 0.17631, 0.96685
 0.17631, 0.96685, 0.17551, 0.96747
 0.17551, 0.96747, 0.17464, 0.96797
 0.17464, 0.96797, 0.17392, 0.96868
 0.17392, 0.96868, 0.17312, 0.96930
 0.17312, 0.96930, 0.17251, 0.97010
 0.17251, 0.97010, 0.17180, 0.97081
 0.17180, 0.97081, 0.17129, 0.97168
 0.17129, 0.97168, 0.17068, 0.97248
 0.17068, 0.97248, 0.17029, 0.97341
 0.17029, 0.97341, 0.16979, 0.97429
 0.16979, 0.97429, 0.16953, 0.97526
 0.16953, 0.97526, 0.16925, 0.97593
 0.16925, 0.97593, 0.16925, 0.52407
 0.16925, 0.52407, 0.16953, 0.52474
 0.16953, 0.52474, 0.16979, 0.52571
 0.16979, 0.52571, 0.17029, 0.52659
 0.17029, 0.52659, 0.17068, 0.52752
 0.17068, 0.52752, 0.17129, 0.52832
 0.17129, 0.52832, 0.17180, 0.52919
 0.17180, 0.52919, 0.17251, 0.52990
 0.17251, 0.52990, 0.17312, 0.53070
 0.17312, 0.53070, 0.17392, 0.53132
 0.17392, 0.53132, 0.17464, 0.53203
 0.17464, 0.53203, 0.17551, 0.53253
 0.17551, 0.53253, 0.17631, 0.53315
 0.17631, 0.53315, 0.17724, 0.53353
 0.17724, 0.53353, 0.17811, 0.53404
 0.17811, 0.53404, 0.17909, 0.53430
 0.17909, 0.53430, 0.18002, 0.53468
 0.18002, 0.53468, 0.18102, 0.53482
 0.18102, 0.53482, 0.18199, 0.53508
 0.18199, 0.53508, 0.18300, 0.53508
 0.18300, 0.53508, 0.18400, 0.53521
 0.18400, 0.53521, 0.18500, 0.53508
 0.18500, 0.53508, 0.18601, 0.53508
 0.18601, 0.53508, 0.18698, 0.53482
 0.18698, 0.53482, 0.18798, 0.53468
 0.18798, 0.53468, 0.18817, 0.53460
 0.16925, 0.50172, 0.16925, 0.49949
 0.16925, 0.49949, 0.17083, 0.49791
 0.17083, 0.49791, 0.16979, 0.49971
 0.16979, 0.49971, 0.16925, 0.50172
 0.15209, 0.47917, 0.15051, 0.48075
 0.15051, 0.48075, 0.14827, 0.48075
 0.14827, 0.48075, 0.15029, 0.48021
 0.15029, 0.48021, 0.15209, 0.47917
 0.13817, 0.48460, 0.13460, 0.48818
 0.13460, 0.48818, 0.13206, 0.49257
 0.13206, 0.49257, 0.13075, 0.49747
 0.13075, 0.49747, 0.13075, 1.15253
 0.13075, 1.15253, 0.13206, 1.15743
 0.13206, 1.15743, 0.13460, 1.16182
 0.13460, 1.16182, 0.14169, 1.16891
 0.14169, 1.16891, 0.13989, 1.16787
 0.13989, 1.16787, 0.13601, 1.16683
 0.13601, 1.16683, 0.13199, 1.16683
 0.13199, 1.16683, 0.12811, 1.16787
 0.12811, 1.16787, 0.12464, 1.16988
 0.12464, 1.16988, 0.12180, 1.17272
 0.12180, 1.17272, 0.11979, 1.17620
 0.11979, 1.17620, 0.11925, 1.17821
 0.11925, 1.17821, 0.11925, 0.47407
 0.11925, 0.47407, 0.11953, 0.47474
 0.11953, 0.47474, 0.11979, 0.47571
 0.11979, 0.47571, 0.12029, 0.47659
 0.12029, 0.47659, 0.12068, 0.47752
 0.12068, 0.47752, 0.12129, 0.47832
 0.12129, 0.47832, 0.12180, 0.47919
 0.12180, 0.47919, 0.12251, 0.47990
 0.12251, 0.47990, 0.12312, 0.48070
 0.12312, 0.48070, 0.12392, 0.48132
 0.12392, 0.48132, 0.12464, 0.48203
 0.12464, 0.48203, 0.12551, 0.48253
 0.12551, 0.48253, 0.12631, 0.48315
 0.12631, 0.48315, 0.12724, 0.48353
 0.12724, 0.48353, 0.12811, 0.48404
 0.12811, 0.48404, 0.12909, 0.48430
 0.12909, 0.48430, 0.13002, 0.48468
 0.13002, 0.48468, 0.13102, 0.48482
 0.13102, 0.48482, 0.13199, 0.48508
 0.13199, 0.48508, 0.13300, 0.48508
 0.13300, 0.48508, 0.13400, 0.48521
 0.13400, 0.48521, 0.13500, 0.48508
 0.13500, 0.48508, 0.13601, 0.48508
 0.13601, 0.48508, 0.13698, 0.48482
 0.13698, 0.48482, 0.13798, 0.48468
 0.13798, 0.48468, 0.13817, 0.48460
 0.11925, 0.45172, 0.11925, 0.44949
 0.11925, 0.44949, 0.12083, 0.44791
 0.12083, 0.44791, 0.11981, 0.44967
 0.11981, 0.44967, 0.11979, 0.44971
 0.11979, 0.44971, 0.11925, 0.45172
 0.10209, 0.42917, 0.10051, 0.43075
 0.10051, 0.43075, 0.09827, 0.43075
 0.09827, 0.43075, 0.10029, 0.43021
 0.10029, 0.43021, 0.10209, 0.42917
 0.21925, 0.94828, 0.21979, 0.95029
 0.21979, 0.95029, 0.22083, 0.95209
 0.22083, 0.95209, 0.21925, 0.95051
 0.21925, 0.95051, 0.21925, 0.94828
 0.20051, 0.96925, 0.20209, 0.97083
 0.20209, 0.97083, 0.20029, 0.96979
 0.20029, 0.96979, 0.19828, 0.96925
 0.19828, 0.96925, 0.20051, 0.96925
 0.24539, 0.97665, 0.24719, 0.97769
 0.24719, 0.97769, 0.25107, 0.97873
 0.25107, 0.97873, 0.25509, 0.97873
 0.25509, 0.97873, 0.25897, 0.97769
 0.25897, 0.97769, 0.26077, 0.97665
 0.26077, 0.97665, 0.25575, 0.98167
 0.25575, 0.98167, 0.25575, 0.98675
 0.25575, 0.98675, 0.25549, 0.98675
 0.25549, 0.98675, 0.24539, 0.97665
 0.24867, 1.01325, 0.25575, 1.01325
 0.25575, 1.01325, 0.25575, 1.01762
 0.25575, 1.01762, 0.25549, 1.01736
 0.25549, 1.01736, 0.25531, 1.01712
 0.25531, 1.01712, 0.25507, 1.01694
 0.25507, 1.01694, 0.25393, 1.01580
 0.25393, 1.01580, 0.25252, 1.01499
 0.25252, 1.01499, 0.25212, 1.01468
 0.25212, 1.01468, 0.25165, 1.01449
 0.25165, 1.01449, 0.25045, 1.01379
 0.25045, 1.01379, 0.24910, 1.01343
 0.24910, 1.01343, 0.24867, 1.01325
 0.27973, 1.04231, 0.28167, 1.04425
 0.28167, 1.04425, 0.31833, 1.04425
 0.31833, 1.04425, 0.34425, 1.01833
 0.34425, 1.01833, 0.34425, 0.98167
 0.34425, 0.98167, 0.31833, 0.95575
 0.31833, 0.95575, 0.28167, 0.95575
 0.28167, 0.95575, 0.27973, 0.95769
 0.27973, 0.95769, 0.28077, 0.95589
 0.28077, 0.95589, 0.28181, 0.95201
 0.28181, 0.95201, 0.28181, 0.94799
 0.28181, 0.94799, 0.28077, 0.94411
 0.28077, 0.94411, 0.27973, 0.94231
 0.27973, 0.94231, 0.28167, 0.94425
 0.28167, 0.94425, 0.31833, 0.94425
 0.31833, 0.94425, 0.32192, 0.94066
 0.32192, 0.94066, 0.34186, 0.96060
 0.34186, 0.96060, 0.34489, 0.96235
 0.34489, 0.96235, 0.34826, 0.96325
 0.34826, 0.96325, 0.37417, 0.96325
 0.37417, 0.96325, 0.35575, 0.98167
 0.35575, 0.98167, 0.35575, 1.01833
 0.35575, 1.01833, 0.37417, 1.03675
 0.37417, 1.03675, 0.34826, 1.03675
 0.34826, 1.03675, 0.34489, 1.03765
 0.34489, 1.03765, 0.34186, 1.03940
 0.34186, 1.03940, 0.33940, 1.04186
 0.33940, 1.04186, 0.32049, 1.06078
 0.32049, 1.06078, 0.31699, 1.05899
 0.31699, 1.05899, 0.31036, 1.05684
 0.31036, 1.05684, 0.30348, 1.05575
 0.30348, 1.05575, 0.29652, 1.05575
 0.29652, 1.05575, 0.28964, 1.05684
 0.28964, 1.05684, 0.28301, 1.05899
 0.28301, 1.05899, 0.27681, 1.06215
 0.27681, 1.06215, 0.27376, 1.06437
 0.27376, 1.06437, 0.27593, 1.06220
 0.27593, 1.06220, 0.27593, 1.06220
 0.27593, 1.06220, 0.27876, 1.05936
 0.27876, 1.05936, 0.27881, 1.05929
 0.27881, 1.05929, 0.28077, 1.05589
 0.28077, 1.05589, 0.28181, 1.05201
 0.28181, 1.05201, 0.28181, 1.04799
 0.28181, 1.04799, 0.28077, 1.04411
 0.28077, 1.04411, 0.28071, 1.04401
 0.28071, 1.04401, 0.27973, 1.04231
 0.26437, 1.07376, 0.26238, 1.07650
 0.26238, 1.07650, 0.26291, 1.07522
 0.26291, 1.07522, 0.26437, 1.07376
 0.25678, 1.09002, 0.25625, 1.09336
 0.25625, 1.09336, 0.25625, 1.09130
 0.25625, 1.09130, 0.25678, 1.09002
 0.25625, 1.10664, 0.25678, 1.10998
 0.25678, 1.10998, 0.25625, 1.10870
 0.25625, 1.10870, 0.25625, 1.10664
 0.26238, 1.12350, 0.26437, 1.12624
 0.26437, 1.12624, 0.26291, 1.12478
 0.26291, 1.12478, 0.26238, 1.12350
 0.27376, 1.13563, 0.27650, 1.13762
 0.27650, 1.13762, 0.27522, 1.13709
 0.27522, 1.13709, 0.27376, 1.13563
 0.29002, 1.14322, 0.29336, 1.14375
 0.29336, 1.14375, 0.29130, 1.14375
 0.29130, 1.14375, 0.29002, 1.14322
 0.30664, 1.14375, 0.30998, 1.14322
 0.30998, 1.14322, 0.30870, 1.14375
 0.30870, 1.14375, 0.30664, 1.14375
 0.32350, 1.13762, 0.32624, 1.13563
 0.32624, 1.13563, 0.32478, 1.13709
 0.32478, 1.13709, 0.32350, 1.13762
 0.33563, 1.12624, 0.33785, 1.12319
 0.33785, 1.12319, 0.34101, 1.11699
 0.34101, 1.11699, 0.34316, 1.11036
 0.34316, 1.11036, 0.34425, 1.10348
 0.34425, 1.10348, 0.34425, 1.09652
 0.34425, 1.09652, 0.34316, 1.08964
 0.34316, 1.08964, 0.34101, 1.08301
 0.34101, 1.08301, 0.33922, 1.07951
 0.33922, 1.07951, 0.35549, 1.06325
 0.35549, 1.06325, 0.37417, 1.06325
 0.37417, 1.06325, 0.35575, 1.08167
 0.35575, 1.08167, 0.35575, 1.11833
 0.35575, 1.11833, 0.35769, 1.12027
 0.35769, 1.12027, 0.35589, 1.11923
 0.35589, 1.11923, 0.35201, 1.11819
 0.35201, 1.11819, 0.34799, 1.11819
 0.34799, 1.11819, 0.34411, 1.11923
 0.34411, 1.11923, 0.34064, 1.12124
 0.34064, 1.12124, 0.34033, 1.12154
 0.34033, 1.12154, 0.33780, 1.12407
 0.33780, 1.12407, 0.33780, 1.12407
 0.33780, 1.12407, 0.33563, 1.12624
 0.37241, 1.13499, 0.38010, 1.14268
 0.38010, 1.14268, 0.37241, 1.15037
 0.37241, 1.15037, 0.37345, 1.14856
 0.37345, 1.14856, 0.37449, 1.14469
 0.37449, 1.14469, 0.37449, 1.14067
 0.37449, 1.14067, 0.37345, 1.13679
 0.37345, 1.13679, 0.37241, 1.13499
 0.41838, 1.14420, 0.42083, 1.14175
 0.42083, 1.14175, 0.41979, 1.14355
 0.41979, 1.14355, 0.41900, 1.14652
 0.41900, 1.14652, 0.41838, 1.14420
 0.47917, 1.14361, 0.48021, 1.14180
 0.48021, 1.14180, 0.48075, 1.13979
 0.48075, 1.13979, 0.48075, 1.14203
 0.48075, 1.14203, 0.47917, 1.14361
 0.48075, 1.10172, 0.48021, 1.09971
 0.48021, 1.09971, 0.47917, 1.09791
 0.47917, 1.09791, 0.48075, 1.09949
 0.48075, 1.09949, 0.48075, 1.10172
 0.46669, 1.08543, 0.46489, 1.08439
 0.46489, 1.08439, 0.46101, 1.08335
 0.46101, 1.08335, 0.45699, 1.08335
 0.45699, 1.08335, 0.45311, 1.08439
 0.45311, 1.08439, 0.45106, 1.08557
 0.45106, 1.08557, 0.44964, 1.08639
 0.44964, 1.08639, 0.44964, 1.08639
 0.44964, 1.08639, 0.44959, 1.08644
 0.44959, 1.08644, 0.44680, 1.08923
 0.44680, 1.08923, 0.44479, 1.09271
 0.44479, 1.09271, 0.44425, 1.09472
 0.44425, 1.09472, 0.44425, 1.08167
 0.44425, 1.08167, 0.42583, 1.06325
 0.42583, 1.06325, 0.44451, 1.06325
 0.44451, 1.06325, 0.46669, 1.08543
 0.49949, 1.08075, 0.49791, 1.07917
 0.49791, 1.07917, 0.49967, 1.08019
 0.49967, 1.08019, 0.49971, 1.08021
 0.49971, 1.08021, 0.50172, 1.08075
 0.50172, 1.08075, 0.49949, 1.08075
 0.45646, 1.03843, 0.45511, 1.03765
 0.45511, 1.03765, 0.45174, 1.03675
 0.45174, 1.03675, 0.42583, 1.03675
 0.42583, 1.03675, 0.44425, 1.01833
 0.44425, 1.01833, 0.44425, 1.01325
 0.44425, 1.01325, 0.46372, 1.01325
 0.46372, 1.01325, 0.46171, 1.01379
 0.46171, 1.01379, 0.45823, 1.01580
 0.45823, 1.01580, 0.45539, 1.01864
 0.45539, 1.01864, 0.45339, 1.02211
 0.45339, 1.02211, 0.45235, 1.02599
 0.45235, 1.02599, 0.45235, 1.03001
 0.45235, 1.03001, 0.45339, 1.03389
 0.45339, 1.03389, 0.45539, 1.03736
 0.45539, 1.03736, 0.45646, 1.03843
 0.45513, 0.93675, 0.42583, 0.93675
 0.42583, 0.93675, 0.44375, 0.91883
 0.44375, 0.91883, 0.44375, 0.92401
 0.44375, 0.92401, 0.44479, 0.92789
 0.44479, 0.92789, 0.44680, 0.93136
 0.44680, 0.93136, 0.44964, 0.93420
 0.44964, 0.93420, 0.45311, 0.93621
 0.45311, 0.93621, 0.45513, 0.93675
 0.49227, 0.93675, 0.49429, 0.93621
 0.49429, 0.93621, 0.49609, 0.93517
 0.49609, 0.93517, 0.49451, 0.93675
 0.49451, 0.93675, 0.49227, 0.93675
 0.52917, 0.90209, 0.53021, 0.90029
 0.53021, 0.90029, 0.53075, 0.89828
 0.53075, 0.89828, 0.53075, 0.90051
 0.53075, 0.90051, 0.52917, 0.90209
 0.59949, 0.91925, 0.60172, 0.91925
 0.60172, 0.91925, 0.59971, 0.91979
 0.59971, 0.91979, 0.59791, 0.92083
 0.59791, 0.92083, 0.59949, 0.91925
 0.44375, 0.88117, 0.44066, 0.87808
 0.44066, 0.87808, 0.44583, 0.87291
 0.44583, 0.87291, 0.44479, 0.87471
 0.44479, 0.87471, 0.44375, 0.87859
 0.44375, 0.87859, 0.44375, 0.88117
 0.42192, 0.85934, 0.41883, 0.85625
 0.41883, 0.85625, 0.42141, 0.85625
 0.42141, 0.85625, 0.42529, 0.85521
 0.42529, 0.85521, 0.42709, 0.85417
 0.42709, 0.85417, 0.42192, 0.85934
 0.35769, 0.87973, 0.35575, 0.88167
 0.35575, 0.88167, 0.35575, 0.91833
 0.35575, 0.91833, 0.37417, 0.93675
 0.37417, 0.93675, 0.35549, 0.93675
 0.35549, 0.93675, 0.34066, 0.92192
 0.34066, 0.92192, 0.34425, 0.91833
 0.34425, 0.91833, 0.34425, 0.88167
 0.34425, 0.88167, 0.34231, 0.87973
 0.34231, 0.87973, 0.34411, 0.88077
 0.34411, 0.88077, 0.34799, 0.88181
 0.34799, 0.88181, 0.35201, 0.88181
 0.35201, 0.88181, 0.35589, 0.88077
 0.35589, 0.88077, 0.35599, 0.88071
 0.35599, 0.88071, 0.35769, 0.87973
 0.47917, 0.80209, 0.48021, 0.80029
 0.48021, 0.80029, 0.48075, 0.79827
 0.48075, 0.79827, 0.48075, 0.80051
 0.48075, 0.80051, 0.47917, 0.80209
 0.49791, 0.82083, 0.49949, 0.81925
 0.49949, 0.81925, 0.50172, 0.81925
 0.50172, 0.81925, 0.49971, 0.81979
 0.49971, 0.81979, 0.49791, 0.82083
 0.34361, 1.17917, 0.34203, 1.18075
 0.34203, 1.18075, 0.33979, 1.18075
 0.33979, 1.18075, 0.34180, 1.18021
 0.34180, 1.18021, 0.34361, 1.17917
 0.35253, 1.21925, 0.35743, 1.21794
 0.35743, 1.21794, 0.36182, 1.21540
 0.36182, 1.21540, 0.36891, 1.20831
 0.36891, 1.20831, 0.36787, 1.21011
 0.36787, 1.21011, 0.36783, 1.21028
 0.36783, 1.21028, 0.36683, 1.21399
 0.36683, 1.21399, 0.36683, 1.21801
 0.36683, 1.21801, 0.36787, 1.22189
 0.36787, 1.22189, 0.36790, 1.22193
 0.36790, 1.22193, 0.36988, 1.22536
 0.36988, 1.22536, 0.37267, 1.22816
 0.37267, 1.22816, 0.37272, 1.22820
 0.37272, 1.22820, 0.37620, 1.23021
 0.37620, 1.23021, 0.37636, 1.23025
 0.37636, 1.23025, 0.37821, 1.23075
 0.37821, 1.23075, 0.17179, 1.23075
 0.17179, 1.23075, 0.17380, 1.23021
 0.17380, 1.23021, 0.17728, 1.22820
 0.17728, 1.22820, 0.18012, 1.22536
 0.18012, 1.22536, 0.18213, 1.22189
 0.18213, 1.22189, 0.18317, 1.21801
 0.18317, 1.21801, 0.18317, 1.21399
 0.18317, 1.21399, 0.18213, 1.21011
 0.18213, 1.21011, 0.18109, 1.20831
 0.18109, 1.20831, 0.18460, 1.21182
 0.18460, 1.21182, 0.18818, 1.21540
 0.18818, 1.21540, 0.19257, 1.21794
 0.19257, 1.21794, 0.19747, 1.21925
 0.19747, 1.21925, 0.35253, 1.21925
 0.38979, 1.23075, 0.39180, 1.23021
 0.39180, 1.23021, 0.39361, 1.22917
 0.39361, 1.22917, 0.39203, 1.23075
 0.39203, 1.23075, 0.38979, 1.23075
 0.16021, 1.23075, 0.15797, 1.23075
 0.15797, 1.23075, 0.15639, 1.22917
 0.15639, 1.22917, 0.15820, 1.23021
 0.15820, 1.23021, 0.16021, 1.23075
 0.12083, 1.19361, 0.11925, 1.19203
 0.11925, 1.19203, 0.11925, 1.18979
 0.11925, 1.18979, 0.11979, 1.19180
 0.11979, 1.19180, 0.12083, 1.19361
 0.17083, 1.14361, 0.16925, 1.14203
 0.16925, 1.14203, 0.16925, 1.13979
 0.16925, 1.13979, 0.16979, 1.14180
 0.16979, 1.14180, 0.17083, 1.14361
 0.20639, 1.17917, 0.20820, 1.18021
 0.20820, 1.18021, 0.21021, 1.18075
 0.21021, 1.18075, 0.20797, 1.18075
 0.20797, 1.18075, 0.20639, 1.17917
# pass=3
# preview window width=800 height=600
 0.03380, 0.03757, 0.03113, 0.04218
 0.03113, 0.04218, 0.02975, 0.04733
 0.02975, 0.04733, 0.02975, 0.05267
 0.02975, 0.05267, 0.02975, 1.33634
 0.02975, 1.33634, 0.02975, 1.34167
 0.02975, 1.34167, 0.03113, 1.34682
 0.03113, 1.34682, 0.03380, 1.35144
 0.03380, 1.35144, 0.03757, 1.35521
 0.03757, 1.35521, 0.04218, 1.35788
 0.04218, 1.35788, 0.04733, 1.35926
 0.04733, 1.35926, 0.65267, 1.35926
 0.65267, 1.35926, 0.65782, 1.35788
 0.65782, 1.35788, 0.66243, 1.35521
 0.66243, 1.35521, 0.66620, 1.35144
 0.66620, 1.35144, 0.66887, 1.34682
 0.66887, 1.34682, 0.67025, 1.34167
 0.67025, 1.34167, 0.67025, 0.05267
 0.67025, 0.05267, 0.67025, 0.04733
 0.67025, 0.04733, 0.66887, 0.04218
 0.66887, 0.04218, 0.66620, 0.03757
 0.66620, 0.03757, 0.66243, 0.03380
 0.66243, 0.03380, 0.65782, 0.03113
 0.65782, 0.03113, 0.65267, 0.02975
 0.65267, 0.02975, 0.04733, 0.02975
 0.04733, 0.02975, 0.04218, 0.03113
 0.04218, 0.03113, 0.03757, 0.03380
 0.03757, 0.03380, 0.03380, 0.03757
 0.23048, 0.34533, 0.23109, 0.34564
 0.23109, 0.34564, 0.23847, 0.34804
 0.23847, 0.34804, 0.24612, 0.34925
 0.24612, 0.34925, 0.25388, 0.34925
 0.25388, 0.34925, 0.26153, 0.34804
 0.26153, 0.34804, 0.26891, 0.34564
 0.26891, 0.34564, 0.27581, 0.34212
 0.27581, 0.34212, 0.28208, 0.33757
 0.28208, 0.33757, 0.28757, 0.33208
 0.28757, 0.33208, 0.29212, 0.32581
 0.29212, 0.32581, 0.29564, 0.31891
 0.29564, 0.31891, 0.29804, 0.31153
 0.29804, 0.31153, 0.29925, 0.30388
 0.29925, 0.30388, 0.29925, 0.29612
 0.29925, 0.29612, 0.29804, 0.28847
 0.29804, 0.28847, 0.29750, 0.28681
 0.29750, 0.28681, 0.30075, 0.28681
 0.30075, 0.28681, 0.30075, 0.32040
 0.30075, 0.32040, 0.30227, 0.32192
 0.30227, 0.32192, 0.28879, 0.33540
 0.28879, 0.33540, 0.28540, 0.33879
 0.28540, 0.33879, 0.28299, 0.34296
 0.28299, 0.34296, 0.28175, 0.34760
 0.28175, 0.34760, 0.28175, 0.36210
 0.28175, 0.36210, 0.27040, 0.35075
 0.27040, 0.35075, 0.22960, 0.35075
 0.22960, 0.35075, 0.20075, 0.37960
 0.20075, 0.37960, 0.20075, 0.38084
 0.20075, 0.38084, 0.19882, 0.37973
 0.19882, 0.37973, 0.19666, 0.37915
 0.19666, 0.37915, 0.23048, 0.34533
 0.32808, 0.34773, 0.32960, 0.34925
 0.32960, 0.34925, 0.37040, 0.34925
 0.37040, 0.34925, 0.38175, 0.33790
 0.38175, 0.33790, 0.38175, 0.34244
 0.38175, 0.34244, 0.37192, 0.35227
 0.37192, 0.35227, 0.37040, 0.35075
 0.37040, 0.35075, 0.32960, 0.35075
 0.32960, 0.35075, 0.31825, 0.36210
 0.31825, 0.36210, 0.31825, 0.35756
 0.31825, 0.35756, 0.32808, 0.34773
 0.41825, 0.35240, 0.41825, 0.33790
 0.41825, 0.33790, 0.42960, 0.34925
 0.42960, 0.34925, 0.47040, 0.34925
 0.47040, 0.34925, 0.47192, 0.34773
 0.47192, 0.34773, 0.50334, 0.37915
 0.50334, 0.37915, 0.50118, 0.37973
 0.50118, 0.37973, 0.49925, 0.38084
 0.49925, 0.38084, 0.49925, 0.37960
 0.49925, 0.37960, 0.47040, 0.35075
 0.47040, 0.35075, 0.42960, 0.35075
 0.42960, 0.35075, 0.40075, 0.37960
 0.40075, 0.37960, 0.40075, 0.41319
 0.40075, 0.41319, 0.39925, 0.41319
 0.39925, 0.41319, 0.39925, 0.37960
 0.39925, 0.37960, 0.39773, 0.37808
 0.39773, 0.37808, 0.41460, 0.36121
 0.41460, 0.36121, 0.41701, 0.35704
 0.41701, 0.35704, 0.41825, 0.35240
 0.41825, 0.26210, 0.41825, 0.25875
 0.41825, 0.25875, 0.42018, 0.25987
 0.42018, 0.25987, 0.42042, 0.25993
 0.42042, 0.25993, 0.41825, 0.26210
 0.38175, 0.26210, 0.37958, 0.25993
 0.37958, 0.25993, 0.37982, 0.25987
 0.37982, 0.25987, 0.38175, 0.25875
 0.38175, 0.25875, 0.38175, 0.26210
 0.46067, 0.25075, 0.46179, 0.24882
 0.46179, 0.24882, 0.46236, 0.24666
 0.46236, 0.24666, 0.46646, 0.25075
 0.46646, 0.25075, 0.46067, 0.25075
 0.49925, 0.28354, 0.50334, 0.28764
 0.50334, 0.28764, 0.50118, 0.28821
 0.50118, 0.28821, 0.49925, 0.28933
 0.49925, 0.28933, 0.49925, 0.28354
 0.52183, 0.43933, 0.52252, 0.43904
 0.52252, 0.43904, 0.52382, 0.43870
 0.52382, 0.43870, 0.52497, 0.43803
 0.52497, 0.43803, 0.52575, 0.43771
 0.52575, 0.43771, 0.52575, 0.81229
 0.52575, 0.81229, 0.52497, 0.81197
 0.52497, 0.81197, 0.52382, 0.81130
 0.52382, 0.81130, 0.52252, 0.81096
 0.52252, 0.81096, 0.52183, 0.81067
 0.52183, 0.81067, 0.52332, 0.80707
 0.52332, 0.80707, 0.52425, 0.80239
 0.52425, 0.80239, 0.52425, 0.44761
 0.52425, 0.44761, 0.52332, 0.44293
 0.52332, 0.44293, 0.52183, 0.43933
 0.57425, 0.39761, 0.57332, 0.39293
 0.57332, 0.39293, 0.57183, 0.38933
 0.57183, 0.38933, 0.57252, 0.38904
 0.57252, 0.38904, 0.57382, 0.38870
 0.57382, 0.38870, 0.57497, 0.38803
 0.57497, 0.38803, 0.57575, 0.38771
 0.57575, 0.38771, 0.57575, 0.89844
 0.57575, 0.89844, 0.57425, 0.89994
 0.57425, 0.89994, 0.57425, 0.39761
 0.31825, 0.43790, 0.32011, 0.43976
 0.32011, 0.43976, 0.32006, 0.43978
 0.32006, 0.43978, 0.31876, 0.44013
 0.31876, 0.44013, 0.31825, 0.44043
 0.31825, 0.44043, 0.31825, 0.43790
 0.28175, 0.43790, 0.28175, 0.44244
 0.28175, 0.44244, 0.27085, 0.45334
 0.27085, 0.45334, 0.27027, 0.45118
 0.27027, 0.45118, 0.26916, 0.44925
 0.26916, 0.44925, 0.27040, 0.44925
 0.27040, 0.44925, 0.28175, 0.43790
 0.12817, 0.48933, 0.12668, 0.49293
 0.12668, 0.49293, 0.12575, 0.49761
 0.12575, 0.49761, 0.12575, 1.15239
 0.12575, 1.15239, 0.12668, 1.15707
 0.12668, 1.15707, 0.12851, 1.16149
 0.12851, 1.16149, 0.12914, 1.16242
 0.12914, 1.16242, 0.12618, 1.16321
 0.12618, 1.16321, 0.12425, 1.16433
 0.12425, 1.16433, 0.12425, 0.48771
 0.12425, 0.48771, 0.12502, 0.48803
 0.12502, 0.48803, 0.12618, 0.48870
 0.12618, 0.48870, 0.12748, 0.48904
 0.12748, 0.48904, 0.12817, 0.48933
 0.17425, 0.53771, 0.17502, 0.53803
 0.17502, 0.53803, 0.17618, 0.53870
 0.17618, 0.53870, 0.17748, 0.53904
 0.17748, 0.53904, 0.17817, 0.53933
 0.17817, 0.53933, 0.17668, 0.54293
 0.17668, 0.54293, 0.17575, 0.54761
 0.17575, 0.54761, 0.17575, 0.95239
 0.17575, 0.95239, 0.17668, 0.95707
 0.17668, 0.95707, 0.17817, 0.96067
 0.17817, 0.96067, 0.17748, 0.96096
 0.17748, 0.96096, 0.17618, 0.96130
 0.17618, 0.96130, 0.17502, 0.96197
 0.17502, 0.96197, 0.17425, 0.96229
 0.17425, 0.96229, 0.17425, 0.53771
 0.32202, 0.60812, 0.34017, 0.60060
 0.34017, 0.60060, 0.35983, 0.60060
 0.35983, 0.60060, 0.37798, 0.60812
 0.37798, 0.60812, 0.39188, 0.62201
 0.39188, 0.62201, 0.39940, 0.64017
 0.39940, 0.64017, 0.39940, 0.65983
 0.39940, 0.65983, 0.39188, 0.67798
 0.39188, 0.67798, 0.37798, 0.69188
 0.37798, 0.69188, 0.35983, 0.69940
 0.35983, 0.69940, 0.34017, 0.69940
 0.34017, 0.69940, 0.32202, 0.69188
 0.32202, 0.69188, 0.30812, 0.67798
 0.30812, 0.67798, 0.30060, 0.65983
 0.30060, 0.65983, 0.30060, 0.64017
 0.30060, 0.64017, 0.30812, 0.62202
 0.30812, 0.62202, 0.32202, 0.60812
 0.34925, 0.88681, 0.35075, 0.88681
 0.35075, 0.88681, 0.35075, 0.92040
 0.35075, 0.92040, 0.36210, 0.93175
 0.36210, 0.93175, 0.35756, 0.93175
 0.35756, 0.93175, 0.34773, 0.92192
 0.34773, 0.92192, 0.34925, 0.92040
 0.34925, 0.92040, 0.34925, 0.88681
 0.34760, 0.96825, 0.36210, 0.96825
 0.36210, 0.96825, 0.35075, 0.97960
 0.35075, 0.97960, 0.35075, 1.02040
 0.35075, 1.02040, 0.36210, 1.03175
 0.36210, 1.03175, 0.34760, 1.03175
 0.34760, 1.03175, 0.34296, 1.03299
 0.34296, 1.03299, 0.33879, 1.03540
 0.33879, 1.03540, 0.33540, 1.03879
 0.33540, 1.03879, 0.31952, 1.05467
 0.31952, 1.05467, 0.31891, 1.05436
 0.31891, 1.05436, 0.31153, 1.05196
 0.31153, 1.05196, 0.30388, 1.05075
 0.30388, 1.05075, 0.29612, 1.05075
 0.29612, 1.05075, 0.28847, 1.05196
 0.28847, 1.05196, 0.28681, 1.05250
 0.28681, 1.05250, 0.28681, 1.04925
 0.28681, 1.04925, 0.32040, 1.04925
 0.32040, 1.04925, 0.34925, 1.02040
 0.34925, 1.02040, 0.34925, 0.97960
 0.34925, 0.97960, 0.32040, 0.95075
 0.32040, 0.95075, 0.28681, 0.95075
 0.28681, 0.95075, 0.28681, 0.94925
 0.28681, 0.94925, 0.32040, 0.94925
 0.32040, 0.94925, 0.32192, 0.94773
 0.32192, 0.94773, 0.33879, 0.96460
 0.33879, 0.96460, 0.34296, 0.96701
 0.34296, 0.96701, 0.34760, 0.96825
 0.43790, 0.96825, 0.50240, 0.96825
 0.50240, 0.96825, 0.50704, 0.96701
 0.50704, 0.96701, 0.50738, 0.96681
 0.50738, 0.96681, 0.49244, 0.98175
 0.49244, 0.98175, 0.44925, 0.98175
 0.44925, 0.98175, 0.44925, 0.97960
 0.44925, 0.97960, 0.43790, 0.96825
 0.43790, 0.93175, 0.44007, 0.92958
 0.44007, 0.92958, 0.44013, 0.92982
 0.44013, 0.92982, 0.44125, 0.93175
 0.44125, 0.93175, 0.43790, 0.93175
 0.44925, 1.01825, 0.44984, 1.01825
 0.44984, 1.01825, 0.44925, 1.01928
 0.44925, 1.01928, 0.44925, 1.01825
 0.44846, 1.02119, 0.44735, 1.02533
 0.44735, 1.02533, 0.44735, 1.03067
 0.44735, 1.03067, 0.44764, 1.03175
 0.44764, 1.03175, 0.43790, 1.03175
 0.43790, 1.03175, 0.44846, 1.02119
 0.44244, 1.06825, 0.45334, 1.07915
 0.45334, 1.07915, 0.45118, 1.07973
 0.45118, 1.07973, 0.45118, 1.07973
 0.45118, 1.07973, 0.45118, 1.07973
 0.45118, 1.07973, 0.44925, 1.08084
 0.44925, 1.08084, 0.44925, 1.07960
 0.44925, 1.07960, 0.43790, 1.06825
 0.43790, 1.06825, 0.44244, 1.06825
 0.36210, 1.06825, 0.35075, 1.07960
 0.35075, 1.07960, 0.35075, 1.11319
 0.35075, 1.11319, 0.34750, 1.11319
 0.34750, 1.11319, 0.34804, 1.11153
 0.34804, 1.11153, 0.34925, 1.10388
 0.34925, 1.10388, 0.34925, 1.09612
 0.34925, 1.09612, 0.34804, 1.08847
 0.34804, 1.08847, 0.34564, 1.08109
 0.34564, 1.08109, 0.34533, 1.08048
 0.34533, 1.08048, 0.35756, 1.06825
 0.35756, 1.06825, 0.36210, 1.06825
 0.36242, 1.22086, 0.36321, 1.22382
 0.36321, 1.22382, 0.36433, 1.22575
 0.36433, 1.22575, 0.18567, 1.22575
 0.18567, 1.22575, 0.18679, 1.22382
 0.18679, 1.22382, 0.18758, 1.22086
 0.18758, 1.22086, 0.18851, 1.22149
 0.18851, 1.22149, 0.19293, 1.22332
 0.19293, 1.22332, 0.19761, 1.22425
 0.19761, 1.22425, 0.35239, 1.22425
 0.35239, 1.22425, 0.35707, 1.22332
 0.35707, 1.22332, 0.36149, 1.22149
 0.36149, 1.22149, 0.36242, 1.22086
# pass=4
# preview window width=800 height=600
 0.03039, 0.03390, 0.02762, 0.03804
 0.02762, 0.03804, 0.02572, 0.04263
 0.02572, 0.04263, 0.02556, 0.04346
 0.02556, 0.04346, 0.02475, 0.04751
 0.02475, 0.04751, 0.02475, 0.05249
 0.02475, 0.05249, 0.02475, 1.33652
 0.02475, 1.33652, 0.02475, 1.34149
 0.02475, 1.34149, 0.02572, 1.34637
 0.02572, 1.34637, 0.02762, 1.35097
 0.02762, 1.35097, 0.03039, 1.35510
 0.03039, 1.35510, 0.03390, 1.35862
 0.03390, 1.35862, 0.03804, 1.36138
 0.03804, 1.36138, 0.04263, 1.36329
 0.04263, 1.36329, 0.04291, 1.36334
 0.04291, 1.36334, 0.04751, 1.36426
 0.04751, 1.36426, 0.04751, 1.36426
 0.04751, 1.36426, 0.64751, 1.36426
 0.64751, 1.36426, 0.65249, 1.36426
 0.65249, 1.36426, 0.65737, 1.36329
 0.65737, 1.36329, 0.66196, 1.36138
 0.66196, 1.36138, 0.66610, 1.35862
 0.66610, 1.35862, 0.66961, 1.35510
 0.66961, 1.35510, 0.67238, 1.35097
 0.67238, 1.35097, 0.67428, 1.34637
 0.67428, 1.34637, 0.67525, 1.34149
 0.67525, 1.34149, 0.67525, 0.04751
 0.67525, 0.04751, 0.67428, 0.04263
 0.67428, 0.04263, 0.67238, 0.03804
 0.67238, 0.03804, 0.66961, 0.03390
 0.66961, 0.03390, 0.66610, 0.03039
 0.66610, 0.03039, 0.66196, 0.02762
 0.66196, 0.02762, 0.65737, 0.02572
 0.65737, 0.02572, 0.65249, 0.02475
 0.65249, 0.02475, 0.04751, 0.02475
 0.04751, 0.02475, 0.04263, 0.02572
 0.04263, 0.02572, 0.03804, 0.02762
 0.03804, 0.02762, 0.03390, 0.03039
 0.03390, 0.03039, 0.03039, 0.03390
 0.27491, 0.34819, 0.27685, 0.34720
 0.27685, 0.34720, 0.27675, 0.34771
 0.27675, 0.34771, 0.27675, 0.35003
 0.27675, 0.35003, 0.27491, 0.34819
 0.42325, 0.34997, 0.42328, 0.35000
 0.42328, 0.35000, 0.42325, 0.35003
 0.42325, 0.35003, 0.42325, 0.34997
 0.38764, 0.62485, 0.39440, 0.64117
 0.39440, 0.64117, 0.39440, 0.65883
 0.39440, 0.65883, 0.38764, 0.67515
 0.38764, 0.67515, 0.37515, 0.68764
 0.37515, 0.68764, 0.35883, 0.69440
 0.35883, 0.69440, 0.34117, 0.69440
 0.34117, 0.69440, 0.32485, 0.68764
 0.32485, 0.68764, 0.31236, 0.67515
 0.31236, 0.67515, 0.30560, 0.65883
 0.30560, 0.65883, 0.30560, 0.64117
 0.30560, 0.64117, 0.31236, 0.62485
 0.31236, 0.62485, 0.32485, 0.61236
 0.32485, 0.61236, 0.34117, 0.60560
 0.34117, 0.60560, 0.35883, 0.60560
 0.35883, 0.60560, 0.37515, 0.61236
 0.37515, 0.61236, 0.38764, 0.62485
 0.35003, 0.97325, 0.35000, 0.97328
 0.35000, 0.97328, 0.34997, 0.97325
 0.34997, 0.97325, 0.35003, 0.97325
 0.35003, 1.02675, 0.34997, 1.02675
 0.34997, 1.02675, 0.35000, 1.02672
 0.35000, 1.02672, 0.35003, 1.02675
 0.44997, 0.97325, 0.49387, 0.97325
 0.49387, 0.97325, 0.49037, 0.97675
 0.49037, 0.97675, 0.45347, 0.97675
 0.45347, 0.97675, 0.44997, 0.97325
# pass=5
# preview window width=800 height=600
 0.02650, 0.03072, 0.02319, 0.03567
 0.02319, 0.03567, 0.02091, 0.04118
 0.02091, 0.04118, 0.01975, 0.04702
 0.01975, 0.04702, 0.01975, 0.05298
 0.01975, 0.05298, 0.01975, 1.33603
 0.01975, 1.33603, 0.01975, 1.34199
 0.01975, 1.34199, 0.02091, 1.34783
 0.02091, 1.34783, 0.02319, 1.35334
 0.02319, 1.35334, 0.02650, 1.35829
 0.02650, 1.35829, 0.03072, 1.36250
 0.03072, 1.36250, 0.03567, 1.36581
 0.03567, 1.36581, 0.04118, 1.36810
 0.04118, 1.36810, 0.04702, 1.36926
 0.04702, 1.36926, 0.64702, 1.36926
 0.64702, 1.36926, 0.65298, 1.36926
 0.65298, 1.36926, 0.65882, 1.36810
 0.65882, 1.36810, 0.66433, 1.36581
 0.66433, 1.36581, 0.66928, 1.36250
 0.66928, 1.36250, 0.67350, 1.35829
 0.67350, 1.35829, 0.67681, 1.35334
 0.67681, 1.35334, 0.67909, 1.34783
 0.67909, 1.34783, 0.68025, 1.34199
 0.68025, 1.34199, 0.68025, 0.04702
 0.68025, 0.04702, 0.67909, 0.04118
 0.67909, 0.04118, 0.67681, 0.03567
 0.67681, 0.03567, 0.67350, 0.03072
 0.67350, 0.03072, 0.66928, 0.02650
 0.66928, 0.02650, 0.66433, 0.02319
 0.66433, 0.02319, 0.65882, 0.02091
 0.65882, 0.02091, 0.65298, 0.01975
 0.65298, 0.01975, 0.04702, 0.01975
 0.04702, 0.01975, 0.04118, 0.02091
 0.04118, 0.02091, 0.03567, 0.02319
 0.03567, 0.02319, 0.03072, 0.02650
 0.03072, 0.02650, 0.02650, 0.03072
 0.32768, 0.61660, 0.34216, 0.61060
 0.34216, 0.61060, 0.35784, 0.61060
 0.35784, 0.61060, 0.37232, 0.61660
 0.37232, 0.61660, 0.38340, 0.62768
 0.38340, 0.62768, 0.38940, 0.64216
 0.38940, 0.64216, 0.38940, 0.65784
 0.38940, 0.65784, 0.38340, 0.67232
 0.38340, 0.67232, 0.37232, 0.68340
 0.37232, 0.68340, 0.35784, 0.68940
 0.35784, 0.68940, 0.34216, 0.68940
 0.34216, 0.68940, 0.32768, 0.68340
 0.32768, 0.68340, 0.31660, 0.67232
 0.31660, 0.67232, 0.31060, 0.65784
 0.31060, 0.65784, 0.31060, 0.64216
 0.31060, 0.64216, 0.31660, 0.62768
 0.31660, 0.62768, 0.32768, 0.61660
# spot drills
 0.32835, 0.62835, 0.37165, 0.67165
 0.32835, 0.67165, 0.37165, 0.62835
 0.23000, 0.28000, 0.27000, 0.32000
 0.23000, 0.32000, 0.27000, 0.28000
 0.23000, 0.38000, 0.27000, 0.42000
 0.23000, 0.42000, 0.27000, 0.38000
 0.33000, 0.28000, 0.37000, 0.32000
 0.33000, 0.32000, 0.37000, 0.28000
 0.33000, 0.38000, 0.37000, 0.42000
 0.33000, 0.42000, 0.37000, 0.38000
 0.43000, 0.28000, 0.47000, 0.32000
 0.43000, 0.32000, 0.47000, 0.28000
 0.43000, 0.38000, 0.47000, 0.42000
 0.43000, 0.42000, 0.47000, 0.38000
 0.28000, 1.08000, 0.32000, 1.12000
 0.28000, 1.12000, 0.32000, 1.08000
 0.38000, 1.08000, 0.42000, 1.12000
 0.38000, 1.12000, 0.42000, 1.08000
 0.28000, 0.98000, 0.32000, 1.02000
 0.28000, 1.02000, 0.32000, 0.98000
 0.38000, 0.98000, 0.42000, 1.02000
 0.38000, 1.02000, 0.42000, 0.98000
 0.28000, 0.88000, 0.32000, 0.92000
 0.28000, 0.92000, 0.32000, 0.88000
 0.38000, 0.88000, 0.42000, 0.92000
 0.38000, 0.92000, 0.42000, 0.88000
